first write
===========================================
===========================================
lv1out_network1_07043SEME
{'acc': [0.7528248586223624, 0.7984463277509657, 0.8069209038874524, 0.8114406780334515, 0.822316384180791, 0.8312146892655368, 0.8348870055150177, 0.8444915254237289, 0.8416666668013665, 0.845621468791854, 0.8531073445654185, 0.8583333334006832, 0.85819209053018, 0.8627118644741295, 0.8642655365884641], 'loss': [0.576833250293624, 0.4812045126985022, 0.46886955226882027, 0.43969854934740876, 0.4168770362428353, 0.4000226817898831, 0.3919009893290741, 0.3801703579681741, 0.38157492663900733, 0.3753244437066849, 0.36556916041562787, 0.358817920375005, 0.3551126358199254, 0.34921181996663414, 0.3456744698481371], 'val_acc': [0.6570621468926554, 0.6570621468926554, 0.6570621468926554, 0.6570621468926554, 0.6779661016949152, 0.7632768354846933, 0.7779661017622651, 0.7615819209039548, 0.6581920903954802, 0.7384180790960452, 0.7305084745762712, 0.7954802261234003, 0.6124293786994481, 0.656497175073893, 0.7593220341003547], 'val_loss': [0.5921925690214512, 0.7619974446919678, 0.7543986864430082, 0.7746955869814097, 0.5976055804955758, 0.49379200591879374, 0.47528583550520537, 0.4814922828458797, 0.7950427327620782, 0.5119058553276763, 0.5331074944492113, 0.44951109680752294, 0.6309265804156071, 0.5766568839886768, 0.48668097298024066]}
===========================================
===========================================
lv1out_network2_07043SEME
{'acc': [0.719491525356379, 0.7584745761364867, 0.7920903955475759, 0.8264124293785311, 0.8440677965428196, 0.8408192089048483, 0.8686440678639601, 0.8788135593893838, 0.8936440679313099, 0.9079096046544738, 0.9173728813559322, 0.9251412429378532, 0.9292372880008934, 0.9310734464623833, 0.9350282487222704], 'loss': [0.6014672808727975, 0.5075667352326172, 0.44483995356802214, 0.39146628211447076, 0.35905698810593556, 0.3529385355232799, 0.3135689562660153, 0.29165058641110436, 0.26524360907279837, 0.24282033686752375, 0.22209773875225736, 0.20973442506655463, 0.199250075338924, 0.18720166877669803, 0.17903910489742364], 'val_acc': [0.7988700567665746, 0.8655367233658915, 0.842372880884483, 0.7435028253302063, 0.6474576269839443, 0.48531073453062673, 0.8259887000935225, 0.5457627118644067, 0.5644067796610169, 0.5700564971751413, 0.5401129950237813, 0.8022598866015505, 0.8446327685636316, 0.9186440679313099, 0.9615819209713047], 'val_loss': [0.4596525490957465, 0.3369412155811396, 0.3443240324656169, 0.4310985984438557, 0.5653554188329621, 0.8635423628623876, 0.3195214497841011, 0.7517214392538124, 0.7288069572825889, 0.7296158117763066, 0.8442384519819486, 0.3508685048353874, 0.2811944962894849, 0.21454188407814434, 0.16373911678454298]}
===========================================
===========================================
lv1out_network1_07001MOEL
{'acc': [0.7523403083700441, 0.7901982378854625, 0.800385462555066, 0.8188325991189427, 0.8258535242290749, 0.8394823788546255, 0.8499449339207048, 0.8573788546255506, 0.8639867841409692, 0.8686674008810573, 0.8751376651982379, 0.8755506607929515, 0.8773403083700441, 0.8807819383259912, 0.8796806167400881], 'loss': [0.552299053527185, 0.48267587271030776, 0.44855468126120546, 0.4259089354901587, 0.4050801836840382, 0.39039784879936523, 0.37770068067811136, 0.3658944150424739, 0.36043375192234695, 0.3436152669826793, 0.3411935155612257, 0.3368741995962706, 0.3293452077762671, 0.3196037913209016, 0.31989487559259727], 'val_acc': [0.73568281938326, 0.6404185022026432, 0.6685022026431718, 0.6464757709251101, 0.8381057266096712, 0.7516519823788547, 0.7990088108352628, 0.7973568279312571, 0.8579295151559266, 0.7180616740088106, 0.7703744496017826, 0.737885462555066, 0.7533039650202847, 0.7285242288123144, 0.835352422907489], 'val_loss': [0.49552333604396703, 0.6559375634146157, 0.5887571403239792, 0.6159142097581326, 0.48150542969220533, 0.514701658014684, 0.5067297098132482, 0.5006019757970315, 0.41540253096740154, 0.5750420293421997, 0.4932495950339649, 0.5270982935433871, 0.4846274640066508, 0.5036477357280412, 0.40040323348297424]}
===========================================
===========================================
lv1out_network2_07001MOEL
{'acc': [0.7805616740088106, 0.8251651982378855, 0.8481552863436124, 0.8610958149779736, 0.8754129955947136, 0.8872522026431718, 0.8995044052863436, 0.9128579295154186, 0.9200165198237885, 0.9226321585903083, 0.9329570484581498, 0.9388766519823789, 0.9381883259911894, 0.942318281938326, 0.9413546255506607], 'loss': [0.48875614935080913, 0.37850091373342776, 0.33393421493437847, 0.3060183718078462, 0.28552165443676686, 0.26608081772463965, 0.24329718435388303, 0.22180651765037737, 0.21225620464869008, 0.2021613921888074, 0.1816376485751064, 0.1670324594307576, 0.1621564284032662, 0.15493772983025875, 0.14972695491650032], 'val_acc': [0.437224669734812, 0.6756607929515418, 0.9664096916299559, 0.9790748898678414, 0.9834801762114538, 0.9884361233480177, 0.973568281938326, 0.9867841407065875, 0.9807268719841206, 0.9697136561250896, 0.988436123085442, 0.9928414094290544, 0.927312775592972, 0.5066079297779941, 0.466960352685483], 'val_loss': [0.8276934185217131, 0.6621484696077355, 0.32563090153727764, 0.19055610954236354, 0.1496562454603317, 0.10243315374404849, 0.1792438965668237, 0.10479043561981638, 0.13949525267673485, 0.1823039379807821, 0.06904635000727775, 0.04823130539860494, 0.21501963602026128, 0.9127955363185395, 0.9934950084938352]}
===========================================
===========================================
lv1out_network1_01016SACH
{'acc': [0.720779220727615, 0.7900432899916843, 0.7982683982683982, 0.8090909090909091, 0.8134199134715192, 0.8116883117399174, 0.8190476190992249, 0.8216450216450216, 0.8281385280869223, 0.8255411255927313, 0.8272727272727273, 0.8281385281385282, 0.835930735930736, 0.8346320346836403, 0.8389610389610389], 'loss': [0.6445852961375084, 0.5792612383375952, 0.5435513079166412, 0.519413401812186, 0.5035629247690177, 0.49287088394681094, 0.48134648175466627, 0.46429712421450264, 0.4636503892027454, 0.4479544463611784, 0.43886493315428365, 0.4332603923686139, 0.42371906473007037, 0.4136187962639383, 0.40483711514122045], 'val_acc': [0.17474048442906576, 0.4463667820069204, 0.6505190311418685, 0.6747404844290658, 0.7370242214532872, 0.7889273356401384, 0.7941176470588235, 0.7993079584775087, 0.8512110726643599, 0.8512110726643599, 0.9083044982698962, 0.9273356401384083, 0.870242214532872, 0.9134948096885813, 0.9290657439446367], 'val_loss': [0.8132883524812217, 0.7864627425645875, 0.6970232976761657, 0.6818523312109976, 0.6285614682728856, 0.5769276579771074, 0.5551510521284849, 0.5444901381396917, 0.4729013583239387, 0.4514864213945131, 0.38689137103235843, 0.3634704627792728, 0.4206923802212448, 0.36252374158186074, 0.3431756149938775]}
===========================================
===========================================
lv1out_network2_01016SACH
{'acc': [0.6073593073593073, 0.7281385280869224, 0.7549783549267493, 0.7705627706143763, 0.7852813853329911, 0.796969696969697, 0.8151515150999094, 0.8376623376623377, 0.8523809523293466, 0.8649350648834592, 0.8779220778704722, 0.8900432899916842, 0.9025974025457968, 0.9103896103380046, 0.9112554112038055], 'loss': [0.6750998207501002, 0.633423988179211, 0.6011459490953586, 0.5706251109833325, 0.5479183752815445, 0.5226165767097886, 0.4933560047056768, 0.4635670336293968, 0.42660341742750885, 0.39252601640048995, 0.3568693398139177, 0.3354792217929642, 0.3058519388948168, 0.28178586557313995, 0.26621299527940295], 'val_acc': [0.9775086505190311, 0.02422145328719723, 0.00865051903114187, 0.02768166089965398, 0.185121107266436, 0.5501730103806228, 0.3754325259515571, 0.5588235294117647, 0.5726643598615917, 0.8269896193771626, 0.8339100346020761, 0.8615916955017301, 0.8979238754325259, 0.9186851211072664, 0.842560553633218], 'val_loss': [0.627312152855949, 0.7706046434422266, 0.8274692020614255, 0.8678675696099093, 0.8743935918312997, 0.7162494246934937, 0.820349622556495, 0.7062820559141958, 0.6972324693491715, 0.4462100170475389, 0.4399077203447019, 0.3729835140251371, 0.3066506337335778, 0.24990558871760912, 0.377599880769591]}
===========================================
===========================================
lv1out_network1_08027SYBR
{'acc': [0.7585005574136009, 0.7891583054626533, 0.8012820512820513, 0.8108974358974359, 0.8214882943143813, 0.8309643255295429, 0.8394648829431438, 0.842948717948718, 0.8453177257525084, 0.8563266443701226, 0.8612040133779264, 0.8674749163879598, 0.8727703455964325, 0.8741638795986622, 0.8744425863991081], 'loss': [0.5547766545610949, 0.4762869926466458, 0.456088208301676, 0.43578784840561474, 0.4174206415679277, 0.40388238373541646, 0.3928383311034578, 0.3858273478521817, 0.3788100370728186, 0.3650815115458723, 0.3576090268732579, 0.34812728434369183, 0.3385961238157789, 0.3343048328606447, 0.3274247380204025], 'val_acc': [0.7959866220735786, 0.6471571906354515, 0.6482720178372352, 0.6477146042363434, 0.6488294314381271, 0.6811594202898551, 0.6677814938684504, 0.7034559643255296, 0.729654403567447, 0.7591973244147158, 0.6928651059085842, 0.7625418060200669, 0.7274247491638796, 0.7530657748049052, 0.8517279821627648], 'val_loss': [0.46593110331457727, 0.6215656958561943, 0.8128689421733287, 0.8130176569581231, 0.5981319894393285, 0.49914428052661675, 0.5752206589183547, 0.5025078021945097, 0.5105892899991278, 0.49586062988010937, 0.5801783523822376, 0.46708111884435816, 0.5531519282621683, 0.48412149424437295, 0.3963029807394032]}
===========================================
===========================================
lv1out_network2_08027SYBR
{'acc': [0.6984392419175028, 0.7224080267558528, 0.7643534002229655, 0.8037904124860646, 0.8393255295429208, 0.8552118171683389, 0.8642697881828316, 0.8705406911928651, 0.8850334448160535, 0.8956243032329989, 0.9053790412486065, 0.9133221850613155, 0.9148550724637681, 0.9222408026755853, 0.9308807134894092], 'loss': [0.5588030473577272, 0.4937455703316458, 0.44305493939281704, 0.4035506274389184, 0.3672429046769073, 0.34123262566999185, 0.3181413934382308, 0.30906929206954464, 0.2850360408873861, 0.2659525633057623, 0.24657936370126912, 0.2283197221415763, 0.2182001382477972, 0.2076821446319089, 0.1970478364722253], 'val_acc': [0.26031215161649945, 1.0, 0.9983277591973244, 0.9721293199554069, 0.9587513935340022, 0.9933110367892977, 0.992196209587514, 0.9871794871794872, 0.9810479375696767, 0.6544035674470458, 0.6984392419175028, 0.8968784838350056, 0.9838350055741361, 0.6053511705685619, 0.10925306577480491], 'val_loss': [0.9464145312739853, 0.28168474943475713, 0.21067953908788986, 0.2897218562488173, 0.25920270125868594, 0.08098430902912067, 0.07423459446117897, 0.08877988012430726, 0.130227441846527, 0.7332309252159918, 0.6694285118642991, 0.24077626557370757, 0.07837967371408192, 0.945355099305062, 4.711461967183329]}
===========================================
===========================================
lv1out_network1_01038PAGU
{'acc': [0.8385206885016563, 0.8676309044087863, 0.8740388137305102, 0.8791651410831283, 0.8797143903113861, 0.8822775539222195, 0.8817283046284861, 0.8844745515554827, 0.8837422190765373, 0.8859392165133736, 0.8877700477107372, 0.8892347124940264, 0.8896008789081008, 0.8874038813403132, 0.8848407176203538], 'loss': [0.5053779342614526, 0.3546852632369457, 0.3324112215023781, 0.32188551127364984, 0.31965654686840844, 0.31626775778941907, 0.31089392063251914, 0.30690816555517314, 0.3068400117470117, 0.30253343526935544, 0.3000307492679923, 0.2953442867882127, 0.29864579762721927, 0.29750888642702555, 0.29454923049843124], 'val_acc': [0.37920937042459735, 0.7569546120058566, 0.8308931185944363, 0.849194729136164, 0.87701317715959, 0.8718887262079063, 0.8821376281112738, 0.8374816983894583, 0.8667642752562226, 0.8601756954612005, 0.842606149341142, 0.8594436310395315, 0.863103953147877, 0.8667642752562226, 0.8367496339677891], 'val_loss': [1.371507719858641, 0.8826706287337571, 0.7621506893050095, 0.7466153828086302, 0.6775194257396372, 0.6703446868431753, 0.6246685032021339, 0.7335917984531227, 0.6194162247066712, 0.6230155598115868, 0.6701741919029193, 0.6081239817119278, 0.5780986856483741, 0.5258472565531535, 0.6021371618796844]}
===========================================
===========================================
lv1out_network2_01038PAGU
{'acc': [0.648114243823065, 0.756682533848552, 0.820395459473155, 0.8509703405127775, 0.8756865616771862, 0.8886854631348173, 0.9068106920541926, 0.91724642985734, 0.9256682534961638, 0.9315269131531256, 0.9397656536067375, 0.9414134016188891, 0.9498352251922373, 0.9520322226290736, 0.956426217480921], 'loss': [0.6488171637341986, 0.5414087006304562, 0.44498635822493093, 0.3714028321553045, 0.3134588406597551, 0.2782912292745863, 0.24071665450314034, 0.2196450042161519, 0.1949822368180084, 0.18327301730279388, 0.16757651807754653, 0.1631868248160878, 0.14395208848986116, 0.1367511087145311, 0.12906381949449536], 'val_acc': [0.4875549050934318, 0.9780380673499268, 0.9948755490483162, 0.9956076134699854, 0.9934114202049781, 0.9751098096632503, 0.9853587115666179, 0.9560761346998536, 0.8909224009094965, 0.8338213767174572, 0.770131771246825, 0.4751098096632504, 0.11054172771566959, 0.327964860820491, 0.8008784772187341], 'val_loss': [0.71261476999146, 0.43794690681236903, 0.2060763803617497, 0.07963811951971682, 0.085627714840158, 0.13225373205773827, 0.08488538803459086, 0.14556700057768718, 0.24708758973097905, 0.37370271118982296, 0.5168940981258235, 1.5418079587062317, 4.767581482408336, 2.448050861651866, 0.4478029794609215]}