first write
===========================================
===========================================
lv1out_network1_07043SEME
{'acc': [0.7638418080443042, 0.8040960453324398, 0.8197740111647353, 0.8358757062146893, 0.8495762713211404, 0.8655367230964919, 0.8713276834811194, 0.8803672315037183, 0.8834745762038365, 0.8865819209039548, 0.8879943502824859, 0.8906779661690448, 0.8885593218991985, 0.8918079096045197, 0.8930790959104979, 0.8980225989374063, 0.8961864405432663, 0.8960451976727631, 0.9028248588917619, 0.9028248588917619, 0.9042372880008934, 0.9002824858083563, 0.9060734463276836, 0.907627118576718, 0.9053672315037183, 0.9067796608822494, 0.9048022599543555, 0.9077683617166207, 0.9043785311407962, 0.9098870056497175], 'loss': [0.5400634350749732, 0.45806490250226467, 0.4178033185207238, 0.385387001973761, 0.36805670018923486, 0.34816530165025744, 0.331715065813334, 0.32231279099728427, 0.3137123719783826, 0.3078596629328647, 0.30290911322259634, 0.2961869562749809, 0.29197041703819554, 0.2831596841246395, 0.2811761438509839, 0.2798467618934179, 0.27814780722903665, 0.2772896896311119, 0.2701495776068693, 0.2679314271373264, 0.26268866617800823, 0.26978474855422974, 0.25912319027771386, 0.25615406009437003, 0.25591530101110704, 0.25441028627298645, 0.24985824208811852, 0.25423404133252503, 0.24956140508085994, 0.2495191459433507], 'val_acc': [0.7028248587570621, 0.6570621468926554, 0.6570621468926554, 0.6576271186440678, 0.6677966101694915, 0.7587570614733938, 0.6847457627118644, 0.6994350287873866, 0.6429378531073446, 0.6214689271598213, 0.6451977401129944, 0.5971751413439627, 0.5706214690275785, 0.6175141243948101, 0.5796610170838523, 0.6090395481236237, 0.606779661117974, 0.6050847458637367, 0.5943502825532256, 0.5920903955812508, 0.5389830511168572, 0.5700564974108658, 0.5728813561005781, 0.5559322035918801, 0.5683615821229536, 0.5677966103715412, 0.5672316386201287, 0.5723163843154907, 0.5378531076477072, 0.587005649818539], 'val_loss': [0.5051993407098587, 0.7164356547728771, 0.8152320775608558, 0.6997271751364073, 0.6160558766059283, 0.5157581837500556, 0.6737926009853007, 0.5412093988246164, 0.6179727482930415, 0.6793997334895161, 0.6447468574437718, 0.7704270058432542, 0.8505775152626684, 0.7628317709022996, 0.8845727053065758, 0.796718187520733, 0.8556209382364306, 0.8628614208792562, 0.8308942113219008, 0.9092762715398929, 1.2384877124075162, 1.0703327375616731, 1.026369690625681, 1.132829370067618, 1.089824147413006, 1.0973929017277086, 1.0965200583140056, 1.0782324237338567, 1.3763567401864434, 0.9996975291246748]}
===========================================
===========================================
lv1out_network2_07043SEME
{'acc': [0.6901129942155827, 0.7998587571294967, 0.8454802259213506, 0.8752824858083563, 0.8925141242937853, 0.9028248586897123, 0.9114406780334515, 0.9168079097392196, 0.9179378532420444, 0.9189265536723163, 0.9238700566318749, 0.9269774009952437, 0.9322033898305084, 0.929943502690159, 0.9324858756388648, 0.9312146892655367, 0.934039547955249, 0.9360169492198922, 0.9365819210386546, 0.9403954802933386, 0.9377118644067797, 0.9399717515471291, 0.9388418078422547, 0.9459039548022599, 0.9449152541699383, 0.9430790960451978, 0.9461864408126659, 0.9480225988700565, 0.9522598870056497, 0.9480225988700565], 'loss': [0.5907687607458082, 0.4519777651223759, 0.3770526482223791, 0.3310931487608764, 0.2937680100990554, 0.27872387273500193, 0.2570233406993629, 0.2466430786470909, 0.23883029046536838, 0.23261508995530294, 0.22851510940298522, 0.2209619255052448, 0.20821774521958356, 0.21148680418224658, 0.2076998771247217, 0.20287088423462238, 0.19851761042734997, 0.19639373960468054, 0.18991386873573907, 0.1857530625189765, 0.18561928809362616, 0.1826825858677848, 0.1798525144824874, 0.17200210650930298, 0.17361323730757008, 0.17331432385296472, 0.16814577407756096, 0.1625667081040851, 0.1559113480108606, 0.16393099791754437], 'val_acc': [0.2536723164010183, 0.19491525428780054, 0.2564971751580804, 0.267796610186329, 0.13163841823063327, 0.08926553673158258, 0.09661016949994417, 0.39152542396453816, 0.24915254270963075, 0.10564971752254303, 0.051977401172037176, 0.12598870057339048, 0.150847457711306, 0.07062146896864735, 0.6322033897631586, 0.09548022603079424, 0.23954802293561947, 0.17288135601639074, 0.023163841883678222, 0.1881355932708514, 0.7745762716578899, 0.01807909606624458, 0.18192090400531466, 0.2853107347663513, 0.06949152546582249, 0.04237288143170082, 0.054237288177686895, 0.27062146922962815, 0.05706214693474904, 0.18531073458113914], 'val_loss': [1.1163568879251426, 1.8808242104147788, 1.4760849870530899, 1.529009742386597, 2.14656087422775, 2.679890403370399, 2.3883266661800233, 1.244177779774208, 1.5292188691554096, 2.4124193089156503, 3.0984046119754596, 2.4206359833647304, 2.1256672207245044, 2.954620906053963, 0.7794602468188873, 2.711341433067106, 1.655754438631952, 2.159022542985819, 4.894365077368957, 2.1928546975561454, 0.565721293963955, 5.576090684448932, 2.145166370962973, 1.7428154452372406, 3.726234266313456, 4.600885790485447, 4.22830614531781, 1.6466986863626598, 4.677665689974855, 2.415620020419191]}
===========================================
===========================================
lv1out_network1_07001MOEL
{'acc': [0.719851321585903, 0.7890969162995595, 0.8141519823788547, 0.8363160792951542, 0.8499449339207048, 0.8627477973568282, 0.8689427312775331, 0.8727973568281938, 0.8744493392070485, 0.8800936123348018, 0.8792676211453745, 0.8875275330396476, 0.8838105726872246, 0.8883535242290749, 0.8878028634361234, 0.8933094713656388, 0.8890418502202643, 0.8944107929515418, 0.894135462555066, 0.8934471365638766, 0.8928964757709251, 0.9006057268722467, 0.9008810572687225, 0.8963381057268722, 0.897852422907489, 0.9023953744493393, 0.9019823788546255, 0.9008810572687225, 0.9050110132158591, 0.9074889867841409], 'loss': [0.5597038865089417, 0.4821919944580431, 0.44355835788575565, 0.40700904467032345, 0.3831455691795517, 0.36393970356113586, 0.3528854436023645, 0.3461136762791268, 0.33627768116900575, 0.3226975574104796, 0.3216660974571883, 0.30871418092219316, 0.31116926525657923, 0.30421042271647686, 0.30135185143495974, 0.2927014780464677, 0.29511251166003394, 0.29041493621691733, 0.28635888825691747, 0.28629465237062934, 0.28164214420948785, 0.27528143375455544, 0.27367764343774265, 0.271641547262406, 0.27714041138010403, 0.26624673007605887, 0.2679734255642618, 0.2677755104418893, 0.2606864248603451, 0.25837973495411976], 'val_acc': [0.829295154185022, 0.7483480176211453, 0.6404185022026432, 0.6404185022026432, 0.748898678414097, 0.8111233477550456, 0.7995594711030632, 0.7747797354202438, 0.8105726872246696, 0.683370044315439, 0.774779735945395, 0.7175110132158591, 0.7020925107506404, 0.6806167400881057, 0.6569383261224772, 0.7048458147153981, 0.684471365376191, 0.690528634623809, 0.6751101321585903, 0.649779735945395, 0.6690528634361234, 0.6668502205268927, 0.6442731278845917, 0.677863436123348, 0.6679515418502202, 0.6519823788546255, 0.6250000001312878, 0.6558370041427108, 0.6646475773550865, 0.6492290751524433], 'val_loss': [0.4774114721934701, 0.47093515301590977, 0.8019750865282992, 0.7390733665831813, 0.4790915044656409, 0.4313301607506916, 0.4468046773372768, 0.4946856984482988, 0.4402210621844304, 0.5578930139016475, 0.4758899411440946, 0.559469945630313, 0.5729460670296841, 0.5815586069606999, 0.6373241937633128, 0.5708312980403984, 0.6112898280967175, 0.5898021257396312, 0.6296499836287309, 0.6787035725190251, 0.6448104294911355, 0.6593369891464973, 0.714879397253633, 0.6260885898237186, 0.6386678901537924, 0.7034055748174894, 0.7921128918946052, 0.6837965483707479, 0.681614453309433, 0.7081466080858844]}
===========================================
===========================================
lv1out_network2_07001MOEL
{'acc': [0.8129129955947136, 0.8492566079295154, 0.8828469162995595, 0.9019823788546255, 0.9106552863436124, 0.9179515418502202, 0.9262114537444934, 0.9268997797356828, 0.9332323788546255, 0.9350220264317181, 0.9368116740088106, 0.9412169603524229, 0.9412169603524229, 0.9487885462555066, 0.9481002202643172, 0.9479625550660793, 0.9522301762114538, 0.9530561674008811, 0.9577367841409692, 0.956635462555066, 0.9578744493392071, 0.9610407488986784, 0.959113436123348, 0.9637940528634361, 0.963931718061674, 0.9650330396475771, 0.9618667400881057, 0.9686123348017621, 0.9662720264317181, 0.9666850220264317], 'loss': [0.419103499813752, 0.31383462401213624, 0.25760812630737406, 0.22600830743491387, 0.20580801741929833, 0.19215341926540047, 0.18246141719397993, 0.1743896496584762, 0.16324126116504753, 0.15484046804747392, 0.14983861922955197, 0.1412835849965984, 0.14037547342577694, 0.12765861794943326, 0.1271606809439113, 0.12123139076230284, 0.11822080267552237, 0.11519949328531778, 0.10552456535169207, 0.1082295603754762, 0.10536108901190863, 0.10098271108014993, 0.09952259631540282, 0.09321207027997214, 0.0936421177263827, 0.08888653142271064, 0.09233255487444117, 0.08428018802104083, 0.0803148679533719, 0.08473711687300174], 'val_acc': [0.8458149779735683, 0.98017621171632, 0.9735682822009015, 0.9878854622924905, 0.9675110134784346, 0.9212555066079295, 0.926762114537445, 0.9796255509233684, 0.9416299559471366, 0.8931718061674009, 0.9812775333022231, 0.887114537444934, 0.9575991192053068, 0.9680616742713861, 0.9620044055489192, 0.947687224932179, 0.9520925112757914, 0.9443832601744698, 0.899779735945395, 0.9895374446713452, 0.9675110129532835, 0.9295154187647782, 0.9675110129532835, 0.8772026431718062, 0.8248898678414097, 0.9234581500423112, 0.6690528636986989, 0.9471365641392275, 0.9620044055489192, 0.987334801499539], 'val_loss': [0.5260489814081907, 0.17910035538778432, 0.12187812290265171, 0.07006220033777968, 0.12289552587507055, 0.20677659178095242, 0.2027536667391067, 0.09718548496651755, 0.1810876074604001, 0.26013218056788, 0.07654011682791857, 0.266463839009995, 0.13610782444739658, 0.10289254351334425, 0.11367657760954113, 0.14576183961876688, 0.12988688327404896, 0.15444363430470623, 0.2497578265908531, 0.028329736860838232, 0.08950192425482073, 0.18894586505343736, 0.09095199353631897, 0.2976339603835791, 0.4113467893673985, 0.20304911127437053, 0.8117485747463378, 0.15298424621773185, 0.10850948160965537, 0.04238527698138737]}
===========================================
===========================================
lv1out_network1_01016SACH
{'acc': [0.7121212121212122, 0.7974025974542032, 0.804761904710299, 0.8090909091425148, 0.80995670995671, 0.8186147185631129, 0.8186147186663244, 0.8220779220263164, 0.8268398267882211, 0.8389610390126447, 0.8402597402597403, 0.8510822510306453, 0.8541125540609483, 0.8523809523293466, 0.8588744588228531, 0.8528138528654585, 0.8627705627705627, 0.8735930736446793, 0.8658008657492601, 0.8744588744588745, 0.8692640692124635, 0.8705627705111648, 0.8718614718098661, 0.8757575757575757, 0.8835497836013892, 0.8774891774375717, 0.8779220778704722, 0.884848484796879, 0.8744588744588745, 0.8787878787878788], 'loss': [0.6419167972746349, 0.5535108559317403, 0.5135671657917303, 0.48644928741248655, 0.47512432419376455, 0.4514791645786979, 0.43340735254865703, 0.41883048554519553, 0.4062230395290243, 0.3846506057363568, 0.37784957658676877, 0.35639204873151076, 0.3509739107899852, 0.34951580159075846, 0.33224578778465075, 0.3242194951870741, 0.3271149266849865, 0.31746587603639215, 0.3133838207690747, 0.3020026593432798, 0.2970290842510405, 0.2948165271189306, 0.2997021139958204, 0.28776614015752616, 0.2860982776204229, 0.28333835707598437, 0.2794182412423097, 0.2672039781555985, 0.2788746362898773, 0.2682725901856567], 'val_acc': [0.1384083044982699, 0.24048442906574394, 0.5570934256055363, 0.7750865051903114, 0.9186851211072664, 0.9013840830449827, 0.972318339100346, 0.986159169550173, 0.9688581314878892, 0.9411764705882353, 0.9896193771626297, 0.9636678200692042, 0.9619377162629758, 0.8927335640138409, 0.9896193771626297, 0.9567474048442907, 0.967128027681661, 0.9896193771626297, 0.7525951557093425, 0.6816608996539792, 0.6038062283737025, 0.9446366782006921, 0.9480968858131488, 0.5674740484429066, 0.9930795847750865, 0.9532871972318339, 0.9204152249134948, 0.9359861591695502, 0.6833910034602076, 0.8546712802768166], 'val_loss': [0.9801703227432541, 1.24582179256789, 0.9335960428195016, 0.5653898955216458, 0.3891283729497124, 0.3880952452293317, 0.22956794211608728, 0.12958888477520134, 0.1998100485459331, 0.23689764975264, 0.10697997998201311, 0.16284143692688133, 0.15007325791621703, 0.336961211939584, 0.06234591376925835, 0.19363603490859166, 0.12635723308089694, 0.07899797732287625, 0.5622364698190591, 0.6986283696027775, 0.9577935621606437, 0.18556910309824565, 0.18121018969682673, 1.093619897291322, 0.03652601968819295, 0.14536325164319736, 0.25927037589741825, 0.21658664823197163, 0.7338300958842967, 0.38061557359555187]}
===========================================
===========================================
lv1out_network2_01016SACH
{'acc': [0.5926406926664955, 0.6406926406926406, 0.6800865801381858, 0.7225108225624283, 0.7575757575757576, 0.759740259688654, 0.7818181818181819, 0.8008658008658008, 0.8212121212121212, 0.8324675325191382, 0.8458874459390516, 0.8532467531951475, 0.8541125540609483, 0.8606060605544549, 0.8809523809523809, 0.8800865800865801, 0.8813852813852814, 0.8870129869613813, 0.8865800866316923, 0.8961038961038961, 0.8999999999483942, 0.9034632034115977, 0.9038961038961039, 0.9168831168831169, 0.9129870129354072, 0.9125541126057183, 0.9160173160173161, 0.9255411254895198, 0.9168831168831169, 0.9233766233766234], 'loss': [0.6569705956942076, 0.6165311900052157, 0.5900859083964195, 0.5598272581637164, 0.533986283148522, 0.5063497576620671, 0.483175516451076, 0.45168502733304905, 0.430046062681066, 0.39851536358589734, 0.37917244898808466, 0.36403186948268446, 0.34606250227787794, 0.33137658718344454, 0.3149484968804694, 0.29852305203031154, 0.2931371091119139, 0.2818288395673166, 0.2758188183173473, 0.26086111987953065, 0.25302969935910524, 0.24820532874885576, 0.24358316858609516, 0.2276847405222071, 0.2259315697403697, 0.2230080276598662, 0.21797461380690208, 0.20737423972908037, 0.20968371900000096, 0.19159839027984576], 'val_acc': [0.0, 0.01384083044982699, 0.03633217993079585, 0.0, 0.0, 0.0, 0.7179930795847751, 0.40657439446366783, 0.3408304498269896, 0.9463667820069204, 0.020761245674740483, 0.6799307958477508, 0.527681660899654, 0.8235294117647058, 0.6055363321799307, 0.8685121107266436, 0.9083044982698962, 0.039792387543252594, 0.8166089965397924, 0.8719723183391004, 0.9844290657439446, 0.38408304498269896, 0.7145328719723183, 0.9809688581314879, 0.5519031141868512, 0.9100346020761245, 0.9775086505190311, 0.9238754325259516, 0.9273356401384083, 0.698961937716263], 'val_loss': [0.9881928594054648, 0.9838863050236422, 1.037495839142057, 1.6777855830209065, 1.8245857591035044, 1.8219959352255692, 0.6578299215508168, 0.9436628678265739, 0.9883056839857134, 0.20450690365477003, 1.6548384003160734, 0.6316214672009425, 0.8078675055586343, 0.42472010830281925, 0.7254224541278034, 0.353409045604686, 0.2733561035155425, 2.085076196795929, 0.43870666416871096, 0.32701762082461255, 0.06530117488765902, 1.1071276565736552, 0.5856288128039416, 0.06998039869056648, 0.8270042274649992, 0.25992378406871147, 0.08336803433082508, 0.23445474508518166, 0.2321356750741137, 0.6259302534034096]}
===========================================
===========================================
lv1out_network1_08027SYBR
{'acc': [0.7685340022296544, 0.798355629877369, 0.8231605351170569, 0.8415551839464883, 0.8600891861761427, 0.8691471571906354, 0.8715161649944259, 0.8762541806020067, 0.8797380156075808, 0.8843366778149386, 0.8850334448160535, 0.8897714604236343, 0.8915830546265329, 0.8890746934225195, 0.8942307692307693, 0.8918617614269788, 0.8947881828316611, 0.8959030100334449, 0.9014771460423634, 0.8972965440356745, 0.8942307692307693, 0.9011984392419174, 0.9016164994425864, 0.9048216276477146, 0.9056577480490524, 0.9053790412486065, 0.9056577480490524, 0.907329988851728, 0.9049609810479375, 0.9099777034559643], 'loss': [0.5211360630981101, 0.45891011455651776, 0.4220701991647914, 0.4012508553804761, 0.37658062324741876, 0.3594264161493733, 0.34639626083565395, 0.33799534793548625, 0.32778223724402444, 0.31919558842976886, 0.3160498942951428, 0.3070408538432424, 0.304205025850464, 0.30257343305659, 0.29494713997694694, 0.2926688688156198, 0.287945048898093, 0.28375652668335233, 0.2786369199055759, 0.28008909938792587, 0.2793075340979607, 0.2732641748427813, 0.2697969036158112, 0.2672607334561172, 0.263084457205025, 0.2665673983734986, 0.2624152329986045, 0.26011454212658913, 0.2617647800191722, 0.2541213744593039], 'val_acc': [0.7402452619843924, 0.6555183946488294, 0.6945373467112598, 0.8756967670011149, 0.8573021181716833, 0.8372352285395763, 0.855072463768116, 0.826644370122631, 0.8528428093645485, 0.8662207357859532, 0.846711259754738, 0.8322185061315496, 0.8221850613154961, 0.7274247491638796, 0.8004459308807135, 0.8037904124860646, 0.8333333333333334, 0.8171683389074693, 0.7948717948717948, 0.7452619843924192, 0.693422519509476, 0.7463768115942029, 0.7814938684503902, 0.7285395763656634, 0.774247491638796, 0.6945373467112598, 0.7915273132664437, 0.738015607580825, 0.7948717948717948, 0.6711259754738016], 'val_loss': [0.4490121596367197, 0.5536651605015481, 0.47419970267459566, 0.41329301553160586, 0.3796172189207513, 0.3774650961559353, 0.3697449240331001, 0.3888784679547866, 0.35517213525979413, 0.33584705881417265, 0.3713683656758422, 0.4050250026244782, 0.4351622216162607, 0.5223212717235952, 0.4381687261969881, 0.42246937497603054, 0.3907804914117856, 0.43768004589239623, 0.43336784002374246, 0.5110877782787501, 0.6226255290683695, 0.53543145416373, 0.48205138173124595, 0.5602766172077877, 0.48077325965615286, 0.6389100472863303, 0.4726709918500056, 0.5615221775129621, 0.452666741898626, 0.7040706473582299]}
===========================================
===========================================
lv1out_network2_08027SYBR
{'acc': [0.8173076923076923, 0.8715161649944259, 0.8979933110367893, 0.9092809364548495, 0.9175027870680045, 0.9201505016722408, 0.9258639910813824, 0.927536231884058, 0.9338071348940914, 0.9371516164994426, 0.9441192865105908, 0.9438405797101449, 0.9464882943143813, 0.951644370122631, 0.9526198439241917, 0.9526198439241917, 0.9551282051282052, 0.9572185061315496, 0.9593088071348941, 0.9605629877369007, 0.9622352285395763, 0.9613991081382386, 0.9661371237458194, 0.9653010033444817, 0.9647435897435898, 0.9693422519509476, 0.9659977703455964, 0.967948717948718, 0.9693422519509476, 0.9680880713489409], 'loss': [0.3959562176612176, 0.27071001039300874, 0.2387503093002632, 0.21531936410012983, 0.20085132814769363, 0.18818651048368967, 0.18066677135501552, 0.1718553554852272, 0.16067451403093178, 0.15352402621653832, 0.14237330468120252, 0.1388250517605938, 0.13516966354438295, 0.12615770061677914, 0.12159284432662637, 0.11974099884796036, 0.11552840760320325, 0.11140280802513046, 0.10726253204919821, 0.1026921051169186, 0.09934954748176446, 0.09773528314877712, 0.09252821945625803, 0.09723882402066004, 0.09339150503992104, 0.0900866018157606, 0.0896635456851693, 0.08339638723976238, 0.08394484361581746, 0.0829351960516295], 'val_acc': [0.842809364548495, 0.9637681159420289, 0.9531772575250836, 0.9905239687848384, 0.967670011148272, 0.9838350055741361, 0.9710144927536232, 0.9637681159420289, 0.9548494983277592, 0.8974358974358975, 0.9732441471571907, 0.8232998885172799, 0.9743589743589743, 0.850613154960981, 0.8522853957636566, 0.9910813823857302, 0.9414715719063546, 0.8299888517279822, 0.9944258639910813, 0.8985507246376812, 0.8935340022296544, 0.9364548494983278, 0.9186176142697882, 0.9738015607580826, 0.9732441471571907, 0.9386845039018952, 0.9938684503901896, 0.9158305462653289, 0.9576365663322185, 0.9225195094760312], 'val_loss': [0.45335427202375705, 0.21010651935303093, 0.2290060510038665, 0.07360639327611679, 0.14762483747757, 0.08081900105378699, 0.12205380520294343, 0.14629190297612513, 0.1544385721352587, 0.2666140963700304, 0.09658400431366734, 0.4122713638455041, 0.09914347662516727, 0.37702176125186476, 0.36120202198807344, 0.03870682976880384, 0.15474659812178798, 0.3986334739981786, 0.02251945066878597, 0.2422672143193541, 0.2584106509175064, 0.16480756581707992, 0.1960161636425691, 0.0752256724978522, 0.07764958205345786, 0.14479910863569648, 0.023962997295530336, 0.210555005305184, 0.10344402687823963, 0.17754561351503192]}
===========================================
===========================================
lv1out_network1_01038PAGU
{'acc': [0.8322958622996688, 0.8725741487726193, 0.879165140952177, 0.8868546320029294, 0.8917978763449371, 0.8967411205778189, 0.9002196998528097, 0.901684364745225, 0.9068106921633187, 0.9112046868623896, 0.9079091907726108, 0.913401684299226, 0.9170633468030792, 0.917978762292635, 0.917978762401761, 0.9209080923830184, 0.9238374221896741, 0.9223727572317832, 0.9214573415676258, 0.9209080923830184, 0.9236543391790638, 0.9243866714834076, 0.9256682534961638, 0.9296960819994124, 0.9309776638593922, 0.9315269132186013, 0.9307945806741802, 0.9331746612307529, 0.9307945806741802, 0.9322592456320711], 'loss': [0.4587261454062076, 0.3493581883246451, 0.32781649966110726, 0.31732584950754555, 0.30494059604281953, 0.2993229797191124, 0.28674138383479486, 0.2774463674058324, 0.27113401592978187, 0.2636597732655603, 0.2615172845764677, 0.2535231904706777, 0.2470706819025687, 0.245058813535089, 0.2441830316968385, 0.23565934649189502, 0.23407960166668376, 0.23055153398483674, 0.23209387618886032, 0.2310974845265085, 0.22404887013516553, 0.2209995082449625, 0.22280935986231465, 0.21586263817075144, 0.21419539775921723, 0.21191726268123506, 0.21289803098623938, 0.21308543048567144, 0.20863061172104022, 0.20819158243722682], 'val_acc': [0.32650073206442165, 0.677891654465593, 0.8975109809663251, 0.8821376281112738, 0.9062957540263543, 0.8814055636896047, 0.9267935578330894, 0.9062957540263543, 0.9077598828696926, 0.8096632503660323, 0.7569546120058566, 0.8133235724743777, 0.8777452415812591, 0.9004392386530015, 0.8557833089311859, 0.8404099560761347, 0.7708638360175696, 0.8389458272327965, 0.7869692532942899, 0.7957540263543191, 0.7730600292825769, 0.7884333821376281, 0.7708638360175696, 0.773792093704246, 0.6661786237188873, 0.8440702781844802, 0.7152269399707174, 0.8184480234260615, 0.8440702781844802, 0.7825768667642753], 'val_loss': [2.0159455359453884, 1.1375412469519108, 0.6402118633927605, 0.6985985348806485, 0.618187861007222, 0.670385456184303, 0.5110671787875899, 0.5036463820178465, 0.4445312641916243, 0.6820484304917898, 0.7839469127282009, 0.5960133785646446, 0.42709587445948954, 0.3752653639979039, 0.5020706573498502, 0.5439016985179281, 0.6552994375254845, 0.5404131939132885, 0.7155828404337125, 0.6689795855689101, 0.6943559264968726, 0.7116564608071311, 0.7539391478299986, 0.7412302422215876, 1.0205672612675571, 0.5048300795786159, 0.8675178554744936, 0.6442900956519723, 0.5279352842689673, 0.7168467174465516]}
===========================================
===========================================
lv1out_network2_01038PAGU
{'acc': [0.7508238741261145, 0.837971439011496, 0.8855730501647748, 0.9035151958771129, 0.9121201025701975, 0.9174295131080276, 0.9256682533870377, 0.9282314169978712, 0.9326254119370194, 0.9293299157162893, 0.9331746612962285, 0.934273159949171, 0.9364701573860074, 0.9403149029004709, 0.9377517393769383, 0.9386671548883193, 0.9414134016843647, 0.9439765654043242, 0.9434273161105907, 0.9443427316001465, 0.9450750641663928, 0.945075064188218, 0.9470889783307163, 0.9469058953855816, 0.9523983889776724, 0.9470889783961919, 0.9529476382277554, 0.9544123031201707, 0.9536799707067009, 0.9544123031856463], 'loss': [0.5647761026981853, 0.4007811683933624, 0.31374049787991043, 0.2662786468836206, 0.2369580060920188, 0.22462207886466434, 0.2099869194969464, 0.19642154208931106, 0.19180935693966822, 0.1871098965209991, 0.17888918292037911, 0.1775032119659747, 0.17037183205119336, 0.16241925733565674, 0.16350701097733195, 0.1647826437956027, 0.153391598492959, 0.1517457307716378, 0.1489464636688833, 0.145859704185475, 0.14859784650130395, 0.14444129087688373, 0.1424655078564839, 0.1432174483975051, 0.13290305171026848, 0.13845153324134138, 0.12938512719046366, 0.12493129267726613, 0.12928606370339155, 0.12386535149830158], 'val_acc': [0.008784773060029283, 1.0, 0.9904831625183016, 1.0, 0.8433382141991556, 0.9970717423133236, 0.6442166907197385, 0.9992679355783309, 0.7496339674400899, 0.9048316249212095, 0.5878477301639484, 0.8404099562506725, 0.7693997068251558, 0.7657393847168102, 0.9956076134699854, 0.6383601755209234, 0.7767203510418469, 0.6983894580977902, 0.9992679355783309, 0.6720351389177024, 0.729868228753175, 0.23572474388653852, 0.8557833093675303, 0.9992679355783309, 0.5959004388023086, 0.9699853587115667, 0.929721815257959, 0.704245973471143, 0.8711566622225816, 0.5980966320673159], 'val_loss': [3.0946829856576543, 0.0556982881982714, 0.07737576335908554, 0.017755135833824362, 0.3849595900990429, 0.046490481011514956, 0.8298892423314197, 0.01034849457576391, 0.535615432314782, 0.2519521951500877, 1.0076907705597438, 0.3937815388072811, 0.5421411232752821, 0.5636324609355731, 0.014771636256383593, 0.9036935954456972, 0.5392779471409966, 0.8447760966651436, 0.00705986884783948, 0.8321271581496187, 0.6920937553680834, 3.4237379085267095, 0.3399236288636181, 0.008580664587977559, 1.0881487998571437, 0.10577467674086767, 0.1912229252900072, 0.8648716940886804, 0.3224036263773766, 1.2399277329270348]}