first write
===========================================
===========================================
lv1out_network1_07043SEME
{'acc': [0.7782485875706214, 0.8138418079096045, 0.827683615819209, 0.8396892655367232, 0.8413841807909604, 0.8549435028248588, 0.8611581920903955, 0.86045197740113, 0.8662429378531074, 0.8717514124293785, 0.8718926553672316, 0.8677966101694915, 0.8761299435028248, 0.8758474576271187, 0.8779661016949153, 0.8800847457627119, 0.8831920903954802, 0.882768361581921, 0.8807909604519774, 0.8861581920903955, 0.8888418079096045, 0.8896892655367231, 0.8870056497175142, 0.8901129943502825, 0.890819209039548, 0.894774011299435, 0.8918079096045197, 0.8935028248587571, 0.8975988700564972, 0.9012711864406779], 'loss': [0.5088766233395722, 0.4423039980864121, 0.41408300500805095, 0.39647540274986437, 0.3819357559000705, 0.36967376426788373, 0.3566063553599988, 0.3594470864467028, 0.34560094980870265, 0.33939443385533696, 0.3375811316199222, 0.33893384957044137, 0.3198239561612323, 0.32312439456161135, 0.3167188792073794, 0.31622074155484214, 0.3141327555065101, 0.3064801712494112, 0.31004703195586714, 0.298032340011691, 0.2972298970666982, 0.29480210024084746, 0.29337407074405647, 0.2884399059802125, 0.28423390826262995, 0.28272092834030843, 0.280741454517774, 0.29015971232352955, 0.28024013479382304, 0.27531887572363944], 'val_acc': [0.6875706214689266, 0.7129943501477861, 0.7271186439330969, 0.7903954800912889, 0.7954802260560504, 0.7790960451303902, 0.6875706214689266, 0.6717514124967284, 0.6502824858757063, 0.5542372881692682, 0.5621468926890422, 0.5254237288472343, 0.5632768361918671, 0.5949152542372881, 0.5581920904291552, 0.5774011299435028, 0.5689265537059913, 0.5649717514461043, 0.5807909604519774, 0.5485875706551439, 0.5457627118644067, 0.5604519774348049, 0.6090395480225989, 0.5858757062483642, 0.5638418079432794, 0.5672316384180791, 0.5282485876042964, 0.571186440711641, 0.5779661017285902, 0.5655367231638418], 'val_loss': [0.5138513005385965, 0.5280175360582643, 0.540095895697168, 0.4614928774241, 0.4656021142746769, 0.47558870180852, 0.5339412574714186, 0.6672184608076925, 0.5998509714158915, 0.8561801181674678, 0.8813204790912779, 0.9268178182806672, 0.8825205658115236, 0.8349208354949951, 1.0499034751943275, 0.8396464394984272, 1.0728231083201822, 1.138621887884571, 0.8932761871208579, 1.2330098880212859, 1.0394527424526754, 1.1328789610647212, 0.8439722353455711, 0.9811162444157789, 1.3433135401394407, 1.052570248997144, 1.4786050302834162, 1.1108550514878526, 1.0770322002260024, 1.1211060313855188]}
===========================================
===========================================
lv1out_network2_07043SEME
{'acc': [0.6841807909604519, 0.7265536723163842, 0.7395480225988701, 0.7562146892655367, 0.7622881355932203, 0.7709039548022599, 0.781497175141243, 0.7843220338983051, 0.7865819209039548, 0.7878531073446328, 0.7983050847457627, 0.802683615819209, 0.8077683615819209, 0.8043785310734464, 0.8088983050847458, 0.8100282485875706, 0.809322033898305, 0.8161016949152542, 0.8192090395480226, 0.8203389830508474, 0.8230225988700565, 0.8216101694915254, 0.8259887005649718, 0.8331920903954803, 0.8230225988700565, 0.8286723163841808, 0.8340395480225988, 0.8327683615819209, 0.8358757062146893, 0.8360169491525423], 'loss': [0.6158400508643543, 0.5683319015691509, 0.541631537406458, 0.5182593494653702, 0.5039383107322758, 0.49207383579453506, 0.47636110950997995, 0.4654894848664602, 0.45284487352532854, 0.451554825716773, 0.43695669628806033, 0.4277500950683982, 0.4226528459686344, 0.4190767824649811, 0.41617485840441815, 0.41059797032404755, 0.40759939659113265, 0.4102700685882299, 0.4040291148727223, 0.39870888952818295, 0.39081409194711914, 0.3919838158087542, 0.3860709092374575, 0.376799411844399, 0.38394398702739996, 0.3753213530711535, 0.3742405511396753, 0.3713696942322672, 0.3632086877263872, 0.3666365772990857], 'val_acc': [0.3491525424065563, 0.8293785311407962, 0.6909604521121009, 0.789265536655814, 0.7327683617166206, 0.2706214689433911, 0.8740112995023781, 0.9022598868709499, 0.859322033965655, 0.2813559322202273, 0.15536723165525554, 0.722598870123847, 0.18418079097728945, 0.5175141243274602, 0.9903954802259887, 0.914124293650611, 0.1254237288303968, 0.711864406813336, 0.7084745762711865, 0.7971751413776376, 0.44519774018034425, 0.8418079096718697, 0.6271186440677966, 0.8632768360908422, 0.9073446328357114, 0.1293785310902838, 0.13559322035582053, 0.3288135593893838, 0.33898305088113256, 0.7203389830508474], 'val_loss': [0.9440271691413923, 0.42805494932131577, 0.5758559680927945, 0.45476461877930635, 0.47353234742320865, 1.4466821118263202, 0.30330866346251495, 0.2361640655051517, 0.32381186417940644, 1.628919630131479, 2.5471933938689153, 0.5150636579357298, 2.0746748917520383, 0.7910929766751952, 0.05818484299263712, 0.15690741382412993, 3.3033708017424677, 0.5253511999286501, 0.5320635070908541, 0.4405292411982003, 0.986811465597422, 0.3473758401843788, 0.6374286663060807, 0.34118629875829665, 0.12398362661748703, 4.4124808101330775, 3.691085459822315, 1.33467187154091, 1.3520623258278195, 0.5869684157398461]}
===========================================
===========================================
lv1out_network1_07001MOEL
{'acc': [0.7735407488986784, 0.8126376651982379, 0.8309471365638766, 0.8419603524229075, 0.8529735682819384, 0.8561398678414097, 0.8597191629955947, 0.864262114537445, 0.8661894273127754, 0.8711453744493393, 0.8688050660792952, 0.879818281938326, 0.8778909691629956, 0.879818281938326, 0.8776156387665198, 0.8842235682819384, 0.8805066079295154, 0.8873898678414097, 0.8847742290748899, 0.8813325991189427, 0.8875275330396476, 0.8879405286343612, 0.8873898678414097, 0.8847742290748899, 0.895512114537445, 0.8924834801762115, 0.8950991189427313, 0.8878028634361234, 0.8952367841409692, 0.8924834801762115], 'loss': [0.5064740820340649, 0.4434225745991463, 0.41217606544232055, 0.39020901559011, 0.37250995616293164, 0.361575482519844, 0.3533883850184569, 0.3468865158963571, 0.3372039969698711, 0.33017226876403794, 0.3307356520305646, 0.3192164808478912, 0.3194456040399715, 0.31296719024819425, 0.31463753144843465, 0.3106328493008792, 0.3030003561650604, 0.29762383245982, 0.29981579768598604, 0.30062996225210015, 0.29800392322176616, 0.29151985376646605, 0.289977469764617, 0.2894137504424424, 0.27706982038652583, 0.2832990879693483, 0.2827421734806987, 0.290740860888677, 0.2805688108444739, 0.2830609939664208], 'val_acc': [0.6404185022026432, 0.650330396475771, 0.8436123348017621, 0.7323788546255506, 0.6921806167400881, 0.7323788546255506, 0.6806167400881057, 0.6679515418502202, 0.6051762114537445, 0.638215859030837, 0.7186123348017621, 0.7147577092511013, 0.704295154185022, 0.6360132158590308, 0.5512114537444934, 0.6861233480176211, 0.7522026431718062, 0.7450440528634361, 0.6183920704845814, 0.5737885462555066, 0.6448237885462555, 0.6189427312775331, 0.5556167400881057, 0.6811674008810573, 0.6954845814977973, 0.6051762114537445, 0.6349118942731278, 0.6580396475770925, 0.6558370044052864, 0.6288546255506607], 'val_loss': [0.8400448648677523, 0.6205202157933282, 0.4477826232164442, 0.5321719089793738, 0.5311857177034873, 0.5714951214680063, 0.7409856006962612, 0.5593905787636005, 0.6969845659932375, 0.6439980661028807, 0.584044656958349, 0.6557732309145025, 0.6832842970931583, 0.6752186094611752, 0.9867382550095146, 0.69264430569132, 0.5215368902368167, 0.6121972117917653, 0.7188834024814782, 0.9306410408295723, 0.6841062136683695, 0.7190840021104015, 1.0424478927438479, 0.5983589705129027, 0.6681574123546415, 0.8473550047118233, 0.7538119960855282, 0.6591573664139021, 1.2184149416303056, 0.7647516463559104]}
===========================================
===========================================
lv1out_network2_07001MOEL
{'acc': [0.8443006607929515, 0.8796806167400881, 0.8962004405286343, 0.9070759911894273, 0.9117566079295154, 0.9106552863436124, 0.9131332599118943, 0.918364537444934, 0.9222191629955947, 0.9176762114537445, 0.9204295154185022, 0.9233204845814978, 0.92056718061674, 0.9222191629955947, 0.9234581497797357, 0.9235958149779736, 0.9237334801762115, 0.9284140969162996, 0.9259361233480177, 0.929102422907489, 0.9319933920704846, 0.9311674008810573, 0.9330947136563876, 0.9362610132158591, 0.9337830396475771, 0.9355726872246696, 0.9384636563876652, 0.9380506607929515, 0.9395649779735683, 0.9399779735682819], 'loss': [0.38993038713013023, 0.32883240537726144, 0.29162177092309566, 0.2682259008534548, 0.26305122955780197, 0.25134133811761106, 0.24798452184178624, 0.23856902822015175, 0.23087936822768088, 0.22919281436712993, 0.22931790368278646, 0.2252667787431489, 0.2257574378319971, 0.22018912078870156, 0.21956761695428173, 0.21468848764633816, 0.2157712256708203, 0.21432816533429244, 0.20720505197470934, 0.20553697747822505, 0.20012121496205157, 0.19841515862009598, 0.1937402259386124, 0.18836445965709797, 0.19037838679602953, 0.19168033913426133, 0.18840129792460525, 0.1873312573264546, 0.18009264088576324, 0.17729924217334206], 'val_acc': [0.17566079295154186, 0.098568281938326, 0.098568281938326, 0.08975770925110133, 0.06552863436123348, 0.023127753303964757, 0.040198237885462555, 0.03854625550660793, 0.06938325991189427, 0.06993392070484582, 0.05066079295154185, 0.04129955947136564, 0.0671806167400881, 0.10462555066079295, 0.06167400881057269, 0.06002202643171806, 0.10077092511013216, 0.10517621145374449, 0.0974669603524229, 0.10792951541850221, 0.17345814977973567, 0.08370044052863436, 0.034691629955947136, 0.036894273127753306, 0.07599118942731277, 0.1183920704845815, 0.0908590308370044, 0.14151982378854625, 0.07764317180616741, 0.05947136563876652], 'val_loss': [2.671974709380566, 3.5382400378256644, 3.15332249712839, 2.7825410670645963, 3.2095009009743576, 4.19669037663464, 3.807292419383179, 4.561889481439464, 3.052128239350172, 3.3080874392639696, 3.2520814572136834, 4.230805325613148, 2.7220114222707203, 2.2317657502212187, 3.449136439924198, 3.4266148138676447, 2.957230357871707, 2.3017043463459097, 2.720957617402602, 2.7439903792830815, 2.2901083782380898, 4.0466984452655135, 6.9725422523095215, 5.250308433818397, 3.6244771039433417, 2.362965883137371, 4.1178990145611865, 2.5714467370037464, 3.392204689034281, 4.420636639195917]}
===========================================
===========================================
lv1out_network1_01016SACH
{'acc': [0.7437229437745495, 0.8043290043290043, 0.8125541126057183, 0.827272727324333, 0.8341991341991342, 0.8350649350649351, 0.8532467531951475, 0.8502164501648445, 0.8614718614202557, 0.8515151514635457, 0.8593073593073594, 0.8632034632550689, 0.8614718614202557, 0.8766233766233766, 0.8714285714801772, 0.8692640692124635, 0.8683982683466627, 0.8818181818181818, 0.8727272727788785, 0.874025974025974, 0.8865800865800866, 0.8826839826839827, 0.88571428566268, 0.8783549783033726, 0.8891774892290949, 0.8826839826839827, 0.8917748917232861, 0.8818181818697876, 0.8883116883632941, 0.8956709956193899], 'loss': [0.5853772781111978, 0.49838144147034846, 0.46927771934699186, 0.4178426378733152, 0.39557811246289837, 0.374627255625797, 0.3507569450062591, 0.33856689305532545, 0.3347941581821029, 0.3230961652932229, 0.31704549265630316, 0.3118843378958764, 0.30096845920983845, 0.2943551975024211, 0.291253996256626, 0.29996951190166143, 0.29067073229587437, 0.2735198408236235, 0.28663802208838524, 0.27861212849358974, 0.27448595488742317, 0.2710915797587597, 0.26795745032690305, 0.2709407653901484, 0.26105081005529923, 0.2665226540072656, 0.25970199025554574, 0.2610396501563844, 0.2542442196891421, 0.2487816733973367], 'val_acc': [0.5640138408304498, 0.7214532871972318, 0.9844290657439446, 0.9446366782006921, 0.9757785467128027, 0.8027681660899654, 0.8442906574394463, 0.9532871972318339, 0.9826989619377162, 0.8269896193771626, 0.9307958477508651, 0.8737024221453287, 0.6643598615916955, 0.9498269896193772, 0.7837370242214533, 0.8875432525951558, 0.7024221453287197, 0.8633217993079585, 0.9602076124567474, 0.8927335640138409, 0.9134948096885813, 0.6453287197231834, 0.8961937716262975, 0.7785467128027682, 0.9550173010380623, 0.8979238754325259, 0.6937716262975778, 0.9653979238754326, 0.9377162629757786, 0.8581314878892734], 'val_loss': [0.8571921529241912, 0.7056671174752258, 0.2461470451115737, 0.3037048189491549, 0.1940015398713544, 0.5100534636669093, 0.43240745917323553, 0.22671948409410497, 0.08466909779396849, 0.44950438471298315, 0.24216216204488153, 0.3502029396438887, 0.9090618464361012, 0.2013101102365342, 0.5236915802151274, 0.3185010359567754, 0.7308762326166292, 0.36359967074798466, 0.16622331301491566, 0.3076092812931971, 0.2662940380843453, 0.932316072362517, 0.31768527388521134, 0.5804914861891716, 0.16905010437470405, 0.30137665817275594, 0.8512524344723117, 0.1311263035641255, 0.20986868642837736, 0.3785365484268195]}
===========================================
===========================================
lv1out_network2_01016SACH
{'acc': [0.6281385281385281, 0.7376623377139434, 0.7670995670995671, 0.8051948051431994, 0.821212121263727, 0.8216450216966275, 0.8411255411771469, 0.8480519480519481, 0.8528138528138528, 0.8649350649866707, 0.8601731601731601, 0.8740259739743683, 0.8805194805194805, 0.8900432900948958, 0.8857142857142857, 0.88571428566268, 0.8887445887445887, 0.8961038961038961, 0.9038961038961039, 0.8900432899916842, 0.9051948051431994, 0.9103896104154132, 0.906060606060606, 0.9155844155844156, 0.9103896103896104, 0.9125541125025068, 0.9086580086580086, 0.9203463203463204, 0.9246753246753247, 0.9216450215934159], 'loss': [0.6311188010942368, 0.5400650930095029, 0.49945414231453106, 0.4502113685205385, 0.41299199939290165, 0.38836331238478294, 0.36723998263800817, 0.349521313807665, 0.34048097200723954, 0.3208767234246968, 0.3057340359855524, 0.29573463673715467, 0.2929640629590848, 0.271374672419065, 0.2695877065519234, 0.26795204096026237, 0.26592620650540183, 0.2468314102588794, 0.23929568274970694, 0.2549218309648109, 0.2254739993320399, 0.22180704544116925, 0.23184932998313015, 0.21610096422108738, 0.21005962917427995, 0.21587764305985851, 0.21422366543120636, 0.20458814751405222, 0.18750851703928662, 0.19524746792657036], 'val_acc': [0.0, 0.0034602076124567475, 0.02768166089965398, 0.8096885813148789, 0.1782006920415225, 0.10553633217993079, 0.9152249134948097, 0.9463667820069204, 0.6245674740484429, 0.4809688581314879, 0.9757785467128027, 0.9844290657439446, 0.986159169550173, 0.9930795847750865, 0.9705882352941176, 0.9878892733564014, 0.986159169550173, 0.4117647058823529, 0.7577854671280276, 0.9152249134948097, 0.7370242214532872, 1.0, 0.8944636678200693, 0.9429065743944637, 0.9013840830449827, 0.8858131487889274, 0.532871972318339, 0.7681660899653979, 0.9602076124567474, 0.9256055363321799], 'val_loss': [1.486376358976001, 1.9665319189480843, 1.4482968464029702, 0.5041880122930533, 1.1522577510160559, 1.485748154481802, 0.28426594882687894, 0.17927524225728322, 0.686099660025336, 0.885154351643625, 0.10914207492217061, 0.06979832782774235, 0.08047409002446798, 0.037746335399114754, 0.09761077137245026, 0.05658015626833925, 0.04805089164667063, 1.1624019313023577, 0.5445359478153572, 0.23163323068288783, 0.5320343782796579, 0.0009268217090280423, 0.2521131370719329, 0.1499753613121627, 0.25591580020618276, 0.2873400277667598, 0.9746950834886425, 0.5335515972652237, 0.10884200246637256, 0.20984343882443893]}
===========================================
===========================================
lv1out_network1_08027SYBR
{'acc': [0.7859531772575251, 0.8259476031215162, 0.8435061315496098, 0.8645484949832776, 0.8642697881828316, 0.8719342251950948, 0.8722129319955407, 0.875139353400223, 0.8789018952062431, 0.8789018952062431, 0.8880992196209587, 0.8876811594202898, 0.8864269788182831, 0.8860089186176142, 0.8847547380156076, 0.8901895206243032, 0.8857302118171684, 0.8896321070234113, 0.8913043478260869, 0.8911649944258639, 0.8933946488294314, 0.8926978818283167, 0.8978539576365663, 0.8986900780379041, 0.8977146042363434, 0.899386845039019, 0.9000836120401338, 0.895066889632107, 0.8970178372352285, 0.9039855072463768], 'loss': [0.48389924768620113, 0.4208430745197645, 0.38788456158295126, 0.36177614367792305, 0.3499759918570917, 0.33858592917887265, 0.32949428958039617, 0.32405621457923883, 0.31894487200705635, 0.31569126132074143, 0.3078798285395804, 0.30396260127607927, 0.3007302036884769, 0.2994926640122232, 0.2992403330063341, 0.29046158058986216, 0.29678303890403696, 0.2936503845479842, 0.28972713018008567, 0.28737795420215284, 0.2852264983598205, 0.28450499439286014, 0.27958647182487456, 0.27611085466018886, 0.27056472994378844, 0.2724970646177646, 0.26877937937693186, 0.2815594716763815, 0.2773300495285254, 0.26831275223855056], 'val_acc': [0.6499442586399108, 0.6711259754738016, 0.7357859531772575, 0.7614269788182831, 0.8260869565217391, 0.6817168338907469, 0.6811594202898551, 0.6577480490523969, 0.6438127090301003, 0.741917502787068, 0.7731326644370122, 0.7435897435897436, 0.7675585284280937, 0.6722408026755853, 0.6633221850613155, 0.7413600891861761, 0.6599777034559643, 0.7898550724637681, 0.6399108138238573, 0.6627647714604237, 0.7597547380156076, 0.7463768115942029, 0.6928651059085842, 0.5903010033444817, 0.5395763656633222, 0.6817168338907469, 0.8283166109253066, 0.7435897435897436, 0.6939799331103679, 0.6577480490523969], 'val_loss': [0.6045276693576156, 0.5764654539317856, 0.48183667538490316, 0.47497172816474836, 0.4232441689258435, 0.5328399671227105, 0.7495679319104224, 0.5954231916861391, 0.6313722532994239, 0.6271594468433589, 0.4527844394595594, 0.4936260662748662, 0.5608080454095948, 0.604368858712174, 0.6295933861663376, 0.5186830836129162, 0.6279126623668266, 0.44766225351006156, 0.7639889010750464, 1.2640142551163334, 0.5082529289533728, 0.6554846028686234, 0.5856258956883663, 0.9566105093179871, 1.5109115428807278, 0.6222590463217286, 0.42303851452825325, 0.5394971174008338, 1.0879633113131375, 0.7793479821454721]}
===========================================
===========================================
lv1out_network2_08027SYBR
{'acc': [0.8411371237458194, 0.8837792642140468, 0.9034280936454849, 0.9138795986622074, 0.9211259754738016, 0.9251672240802675, 0.9280936454849499, 0.9322742474916388, 0.9363154960981048, 0.939799331103679, 0.9367335562987736, 0.9407748049052397, 0.939520624303233, 0.9462095875139354, 0.9421683389074693, 0.9446767001114827, 0.947742474916388, 0.947742474916388, 0.9489966555183946, 0.9534559643255296, 0.9523411371237458, 0.951644370122631, 0.951644370122631, 0.9492753623188406, 0.9551282051282052, 0.9572185061315496, 0.9562430323299889, 0.9568004459308808, 0.9579152731326644, 0.9570791527313266], 'loss': [0.3399268683781193, 0.2687294159495711, 0.22966934604323164, 0.21063093090618867, 0.1977899687296172, 0.18617672896388515, 0.17962820696932083, 0.17346538987048096, 0.16953054813869556, 0.16050833736524533, 0.15782420844599654, 0.1528654527282519, 0.152704391680417, 0.14604073935660764, 0.14672761185586852, 0.14175917383349826, 0.1343828625042602, 0.1340841872144154, 0.13123957185986282, 0.12505219541407017, 0.12218656387167631, 0.12579377364770092, 0.1248776556009275, 0.13121509813852067, 0.11767423560961233, 0.1180516823548969, 0.1155142328865959, 0.1165972708578044, 0.10649737914496724, 0.11504324905703066], 'val_acc': [0.9765886287625418, 0.9710144927536232, 0.9777034559643255, 0.9871794871794872, 0.9894091415830546, 0.8913043478260869, 0.778149386845039, 0.9832775919732442, 0.8573021181716833, 0.9710144927536232, 0.9659977703455964, 0.37402452619843923, 0.9977703455964325, 0.6276477146042363, 0.9838350055741361, 0.9392419175027871, 0.8784838350055741, 0.9604236343366778, 0.40468227424749165, 0.7363433667781494, 0.8690078037904125, 0.9765886287625418, 0.9308807134894092, 0.9949832775919732, 0.9966555183946488, 0.8433667781493869, 0.9866220735785953, 0.9994425863991081, 0.6482720178372352, 0.8478260869565217], 'val_loss': [0.19230542189068883, 0.18295289277033663, 0.1290643583389296, 0.10034932760125152, 0.06882274249275791, 0.28836018136113784, 0.49146154625891575, 0.08362445122289286, 0.34397027657316415, 0.11170158875792588, 0.11573448515141023, 1.4959447717453989, 0.021594827714373037, 0.7900055864848686, 0.06756479518411218, 0.16530578094664358, 0.3049402420337384, 0.1171578611418555, 1.6262044390972907, 0.5834516541016939, 0.33858771517523956, 0.07990027319561013, 0.18861366361545745, 0.025256827973564433, 0.01836448817107922, 0.3793897862019746, 0.0570887317226882, 0.001297769956646976, 0.8504029176174066, 0.3826621389276075]}
===========================================
===========================================
lv1out_network1_01038PAGU
{'acc': [0.8452947638009504, 0.8647015744930046, 0.8773343097766386, 0.8833760527279385, 0.888685463200293, 0.8978396191652858, 0.8982057854265837, 0.8934456243352635, 0.8987550347639676, 0.9064445258147199, 0.9097400219699744, 0.909556938850238, 0.9082753569902583, 0.9097400219699744, 0.9126693518857562, 0.9154155987036268, 0.9192603441962651, 0.9192603441962651, 0.9168802636178672, 0.9201757597949469, 0.9276821677041377, 0.9194434273160015, 0.9249359209080923, 0.9221896740902217, 0.925302087147565, 0.9287806664225559, 0.922738923471256, 0.9234712559502014, 0.9262175027462468, 0.9214573416112762], 'loss': [0.4039611836485442, 0.3518938125925857, 0.333339801614034, 0.32013332299241565, 0.3074705624036936, 0.29582633176857365, 0.2872027715880196, 0.2940675746779091, 0.2834921949121901, 0.272759872804802, 0.26249250640300814, 0.2612604042279856, 0.2546629751942089, 0.2637328331569139, 0.2546574021326409, 0.24648050089233395, 0.24170679300314163, 0.24499808239308263, 0.24106121222556445, 0.2357930358688895, 0.2235081754488436, 0.2362639990068102, 0.23148137198420768, 0.2289205091432179, 0.22634290651452713, 0.2192382660378296, 0.22457171829791786, 0.2313277985189957, 0.22075689604477933, 0.228602971230964], 'val_acc': [0.8689604685212299, 0.8806734992679356, 0.8806734992679356, 0.7818448023426061, 0.8228404099560761, 0.863103953147877, 0.8477306002928258, 0.8389458272327965, 0.9070278184480234, 0.7898975109809663, 0.7079062957540263, 0.6061493411420205, 0.6954612005856515, 0.835285505124451, 0.719619326500732, 0.6332357247437774, 0.6530014641288433, 0.4568081991215227, 0.8367496339677891, 0.8982430453879942, 0.7320644216691069, 0.40995607613469986, 0.5966325036603221, 0.8967789165446559, 0.7825768667642753, 0.8740849194729137, 0.8740849194729137, 0.8528550512445096, 0.5614934114202049, 0.582723279648609], 'val_loss': [0.6968286543363388, 0.6338516723351467, 0.4997552186107511, 0.693944316647816, 0.5621487968417204, 0.4376315717826738, 0.4600503441235419, 0.4841371654951468, 0.28617492803586525, 0.601469323917198, 0.7371062196867533, 0.9827769177244488, 0.9175487852152191, 0.5167396171113932, 0.8022976715327683, 1.0235713058339477, 1.0348949826242044, 1.6149479019313118, 0.614100818758855, 0.41072186087305884, 0.9480056459954115, 1.823815078996831, 1.2955782503359385, 0.520191404526531, 0.9633610476894812, 0.6627993767871504, 0.6526345824209601, 0.6961513599948439, 1.623210648289765, 1.5484981512648333]}
===========================================
===========================================
lv1out_network2_01038PAGU
{'acc': [0.906993775173929, 0.9234712559502014, 0.9415964848041011, 0.9494690589527646, 0.9536799707067009, 0.9566093006006574, 0.9602709629953846, 0.9650311241303552, 0.9624679604540461, 0.9624679604540461, 0.9652142072282663, 0.9626510435737825, 0.9652142072282663, 0.9646649578690573, 0.9632002929329916, 0.9652142072500915, 0.9646649578908825, 0.9642987916514097, 0.9626510435737825, 0.9696082021237642, 0.9646649578908825, 0.9685097033835208, 0.9653972903698279, 0.9674112046869279, 0.9688758696448188, 0.9677773709264006, 0.9657634566093006, 0.9683266203074349, 0.9686927865032572, 0.9692420358842915], 'loss': [0.3196523197783694, 0.21270127668676686, 0.16180177974159662, 0.1424908930983453, 0.13183446523826536, 0.12976019311844975, 0.125037198537754, 0.11697880961805723, 0.11631242825582498, 0.11484307625799203, 0.10749126951943733, 0.11249600287427268, 0.11035640075590007, 0.10680285308418672, 0.10547429010891317, 0.10308397099572152, 0.10396268675243601, 0.10778872337886611, 0.1067708698846468, 0.09873540803799641, 0.11129770966820318, 0.09564520674203504, 0.09850301602067571, 0.0998950050376473, 0.09480008247016179, 0.09481716072115214, 0.10036553945412831, 0.09517736825239458, 0.09138696432947098, 0.09301349819722748], 'val_acc': [0.9809663250366032, 0.9992679355783309, 0.9992679355783309, 0.9963396778916545, 0.9985358711566618, 0.9985358711566618, 0.9992679355783309, 0.9970717423133236, 0.9970717423133236, 0.9934114202049781, 0.9970717423133236, 0.9970717423133236, 0.9992679355783309, 0.9780380673499268, 0.9941434846266471, 0.986090775988287, 0.9985358711566618, 0.9985358711566618, 0.9985358711566618, 0.9934114202049781, 0.9985358711566618, 0.9985358711566618, 0.7013177159590044, 0.9736456808199122, 0.9941434846266471, 0.9963396778916545, 0.9963396778916545, 0.7554904831625183, 0.9992679355783309, 0.5856515373352855], 'val_loss': [0.3295391201100273, 0.10671379338639024, 0.045671519500204795, 0.15765901052803455, 0.03616729304248993, 0.04266447009379658, 0.010373486202526538, 0.06761134616310652, 0.0502795282325886, 0.08281376356010818, 0.05021512764335595, 0.04562411377940049, 0.009608962738103783, 0.15212460874551212, 0.0962340478399444, 0.13864560042934745, 0.01126914912163884, 0.009781083365490505, 0.008344830299139917, 0.06447987715505053, 0.009246857402884397, 0.008670490049302992, 0.6089233631052698, 0.14542286814699062, 0.044122641037544166, 0.03164366835463754, 0.028006730129394142, 0.523124971106583, 0.003227137873054238, 0.8610973404188631]}