first write
===========================================
===========================================
lv1out_network1_07043SEME
{'acc': [0.7668822041246909, 0.8301939836673131, 0.8521788023112696, 0.8565645205863983, 0.8628619623009931, 0.8700590386094422, 0.8704526286162719, 0.8730390778243424, 0.8753443913376663, 0.8799550182000955, 0.8794489739012913, 0.88046106261955, 0.8813044700791469, 0.8855777341393832, 0.8844531909347686, 0.8861400055724448, 0.889513635082395, 0.8891762722332825, 0.8904132697030605, 0.8932246274213493, 0.8935619905352223, 0.8942367163540977, 0.8946303063877385, 0.899915659236613, 0.8980601629850266], 'loss': [0.49524630013730775, 0.4060980192422532, 0.3674736880237278, 0.34875395618062827, 0.33963954535333635, 0.3288763979746781, 0.32319245168356403, 0.3190196830660968, 0.3143360100236206, 0.30804063323377257, 0.3053012557166461, 0.3021251348873387, 0.3000495688111587, 0.29256465267374304, 0.29395949548136024, 0.29106059962857933, 0.2848990472173436, 0.28308567252342104, 0.28087967730888935, 0.27937868768357144, 0.27743144635826406, 0.27220313000417606, 0.2714696201156759, 0.26285425310628213, 0.2653867739571391], 'val_acc': [0.6721385203507982, 0.8875646501250124, 0.9210703845422992, 0.8718237013717113, 0.8792444344769978, 0.9006071506871892, 0.9179221947380256, 0.8565324936418124, 0.8268495615423462, 0.9069035302689297, 0.882392624267868, 0.9228693501236789, 0.863278614796492, 0.9017315041839286, 0.9174724531382799, 0.911850685855633, 0.897458961097369, 0.9273667641106363, 0.9291657297054193, 0.9273667641106363, 0.9311895659995503, 0.8889138745221498, 0.9293906004047673, 0.9336631436923769, 0.9282662467069778], 'val_loss': [0.5653562355423835, 0.2956699639917331, 0.24509066994039563, 0.29156987497565023, 0.30716715431733427, 0.2610742938915263, 0.23576976264732083, 0.348154936053658, 0.41531607479842186, 0.24743010630788817, 0.29342911006601735, 0.21219079045330458, 0.32069846136025937, 0.2597598231908362, 0.229782518472716, 0.2217212375701613, 0.24589194638655845, 0.19822959407363175, 0.18968020122366755, 0.20697643751438102, 0.1968642471344358, 0.263060405818787, 0.19333795320275313, 0.1823961411935575, 0.1979244859256261]}
===========================================
===========================================
lv1out_network2_07043SEME
{'acc': [0.7459094742961837, 0.8889513634583036, 0.9240371100179325, 0.937812763491071, 0.9468653359807272, 0.9505201012088839, 0.9567613157624102, 0.9583356762019509, 0.9606409896448954, 0.9652516164570536, 0.9666010683159967, 0.969131290483649, 0.9684003374098659, 0.9699184706447699, 0.9739105987454989, 0.9752038234467247, 0.9741917346078156, 0.9764970480742199, 0.9771155468091088, 0.978521225775498, 0.9789148158795182, 0.9802642676647305, 0.9809952207150539, 0.9815574922687658, 0.9812763565036398], 'loss': [0.5085669848434302, 0.28444835351597303, 0.20177781227887062, 0.16775833249913194, 0.14476429574528804, 0.13452643115646323, 0.11960308894636526, 0.1144160717595887, 0.10686501356274819, 0.09747818409642511, 0.09177375724845499, 0.08839712350563551, 0.0846724126202054, 0.08002730156406278, 0.07444575900253299, 0.07250508495221857, 0.07151694836821286, 0.06705865816207693, 0.06380367788224617, 0.06140155253875849, 0.061593711550462976, 0.05584879344623009, 0.05746983706360457, 0.05418632490325291, 0.052267762830301316], 'val_acc': [0.6611198559956307, 0.5437373509896534, 0.6975489092966881, 0.35394648076685353, 0.3395547560152912, 0.4274791994536086, 0.48437148638862104, 0.6723633909831295, 0.6602203732183443, 0.27096919271418934, 0.7229592983296996, 0.5257476950552267, 0.7069934786692988, 0.5781425679898782, 0.34787497189116257, 0.8255003371720157, 0.5349673937284896, 0.6856307622379524, 0.32426354845963573, 0.7987407239630219, 0.4171351472836064, 0.2957049696424556, 0.6662918821141401, 0.5007870474410159, 0.6404317516891346], 'val_loss': [0.7171072474699061, 1.0609127551967277, 0.8282838178158128, 2.3494417061021897, 2.698306404287048, 2.0916403531760133, 1.8808514788790394, 1.0480410982470365, 1.085709968684415, 4.497017048599212, 0.9054036994100502, 1.8850972554322867, 0.9893796405069528, 1.7621757048608373, 4.518264868620248, 0.5942845312040362, 2.1323607363860635, 1.1588650050124667, 5.4313966349212945, 0.7353397047820254, 3.885583697637065, 6.042424062356162, 1.3740514215020778, 2.945423032290109, 1.6741607593825245]}
===========================================
===========================================
lv1out_network1_07001MOEL
{'acc': [0.7648918469482439, 0.8215196893470392, 0.8454797560151789, 0.8557404325924777, 0.8597892400957913, 0.8640599001068838, 0.8687742651665932, 0.8681087077490436, 0.8750415972650415, 0.8763172490095603, 0.8762617858396393, 0.8797559623379742, 0.8834165279758155, 0.8806988352018135, 0.8831392123642328, 0.8854686632793741, 0.8899611757585755, 0.8894065447007029, 0.8927343317223335, 0.8953965613528615, 0.8943982252199254, 0.8938435940761006, 0.8973377704355893, 0.8976705491113054, 0.8989462007037547], 'loss': [0.5038869944599953, 0.4158001980018563, 0.3729505886022607, 0.35326407305148333, 0.34340750008110726, 0.3329102646623528, 0.32581947195946476, 0.32634501778874475, 0.3176712028463219, 0.3100556542161962, 0.3089303917410105, 0.3003175873195735, 0.2942662861964733, 0.29440315855719684, 0.29266535056609283, 0.28888928834359245, 0.2827214438916575, 0.27710512361127143, 0.2754326652667288, 0.27063387724934057, 0.268408477470006, 0.26821783876260386, 0.26257715100423534, 0.2601067125417098, 0.25864046264276597], 'val_acc': [0.898402839502404, 0.8875332740734612, 0.9148181012592806, 0.8782165039929015, 0.9001774624479272, 0.9157054127055984, 0.8695652173913043, 0.8624667257149873, 0.8702307009760426, 0.884871339840284, 0.9219165926711582, 0.9285714285185407, 0.9137089617927199, 0.9318988464422319, 0.9170363798750748, 0.9285714285185407, 0.9028393967868802, 0.7972493345693031, 0.917258207789542, 0.9019520853405625, 0.9230257318732795, 0.9343389529196054, 0.9208074534690369, 0.8959627330779183, 0.9341171249522503], 'val_loss': [0.30638615759263127, 0.3162573229822313, 0.23824169408090368, 0.28853292540442976, 0.2662678085128713, 0.22321417151612313, 0.29932454291866645, 0.32690847803241085, 0.2989957846846587, 0.26904594163743395, 0.21765850834753414, 0.2056959719788002, 0.23321355642633515, 0.19815076296585477, 0.22143871066786064, 0.20865046589270883, 0.2521257204034208, 0.47290903594288664, 0.23519721309908112, 0.2673883849049207, 0.20635492989947124, 0.19049231171237757, 0.22425113299724372, 0.2743931538305562, 0.1830227592399719]}
===========================================
===========================================
lv1out_network2_07001MOEL
{'acc': [0.6357182474250074, 0.6764281753097319, 0.6981142540805815, 0.7206877426841956, 0.7378813089626204, 0.7467554076472984, 0.7570715474143533, 0.7635052689762825, 0.7730449250652865, 0.7811980033079519, 0.7901830282663546, 0.7938435939901483, 0.8013865779322912, 0.805601774885862, 0.8107043816391389, 0.8144204103940074, 0.8195230171737311, 0.8211314475146255, 0.8266777593561893, 0.8276760954494551, 0.8288962839843826, 0.8375485301943402, 0.8374930670640895, 0.8382140876251132, 0.8427066000514207], 'loss': [0.6352875105288712, 0.5982719192224546, 0.5674113192759285, 0.5450146343135464, 0.5231490097704425, 0.5079597149699249, 0.49374335354655835, 0.4804835046421999, 0.4691185457899514, 0.45490902275491674, 0.4429207480489315, 0.4342655940017499, 0.4236597531448783, 0.4150265572868449, 0.4052804373828689, 0.39849428516325525, 0.3940561943429745, 0.3845672001920669, 0.3799806890028818, 0.37365844149557803, 0.37102583146101886, 0.3611078043150624, 0.3572139732056172, 0.35162401405957033, 0.34441643372153286], 'val_acc': [0.009760425909494233, 0.8429458741075504, 0.5239574091034647, 0.2610913931186366, 0.7045252884291079, 0.4687222715701905, 0.6264418810209343, 0.3378438331854481, 0.23913043480905263, 0.8881987577110873, 0.7058562556514723, 0.8078970718722271, 0.9565217392362105, 0.4254658385357607, 0.8562555457494274, 0.7464507542147294, 0.29081632660994405, 0.23469387755102042, 0.9114906832827016, 0.37688553687631293, 0.4514196983141083, 0.19143744462236642, 0.5403726708074534, 0.9771517303630961, 0.649290150790058], 'val_loss': [1.2082544289126054, 0.5139247736998543, 0.7362327807332524, 0.9978527804868033, 0.6025147198467203, 0.8043278868259744, 0.6784468382570525, 0.9637722399981549, 1.1445597696854355, 0.33303704376546495, 0.607982162574592, 0.45092572447676094, 0.15171305975399932, 1.0442490849541475, 0.370731708346581, 0.5349875073466771, 1.5418579960250178, 1.8735107049121196, 0.2650518741561125, 1.2544782026319665, 1.1460227553783102, 2.5076265574136243, 0.8648856350988441, 0.09118930639793307, 0.7092247240926274]}
===========================================
===========================================
lv1out_network1_01016SACH
{'acc': [0.8015813952157663, 0.8510697672866112, 0.8696744187266328, 0.8821395349058994, 0.885488371937774, 0.8905116280067799, 0.8973023256811985, 0.8955348837431087, 0.8999069768439891, 0.9034418602987777, 0.90139534868196, 0.9003720930454343, 0.9055813953599264, 0.9061395348060963, 0.9085581394683483, 0.9100465115613715, 0.9115348835656809, 0.9114418604872947, 0.9146046511738799, 0.9113488372203916, 0.9162790696898172, 0.9159069766665614, 0.9162790697009064, 0.9172093021814213, 0.9199999999334646], 'loss': [0.4686071045897728, 0.37049694657325744, 0.3265213937925738, 0.29704142891528995, 0.2823782656414564, 0.2718843518024267, 0.2647820610944615, 0.25972733492629474, 0.25259853924984155, 0.24627102047620816, 0.2468479567572128, 0.24436954351913098, 0.23875711836925773, 0.23464798929247746, 0.22752688179459682, 0.23076874033794847, 0.22527775055585905, 0.22744701439280843, 0.22060414263813993, 0.2186892541508342, 0.21126687531138574, 0.21257109598780788, 0.2088584309372791, 0.20881386537884558, 0.20552997838064682], 'val_acc': [0.7775297619047619, 0.8909970238095238, 0.9252232142857143, 0.7998511904761905, 0.8753720238095238, 0.8218005952380952, 0.5531994047619048, 0.7693452380952381, 0.875, 0.7563244047619048, 0.6502976190476191, 0.7686011904761905, 0.8221726190476191, 0.8802083333333334, 0.9650297619047619, 0.9375, 0.7857142857142857, 0.9553571428571429, 0.5729166666666666, 0.7540922619047619, 0.6912202380952381, 0.9047619047619048, 0.9564732142857143, 0.9490327380952381, 0.8746279761904762], 'val_loss': [0.5658735583225886, 0.36167010061797644, 0.26186291359010194, 0.5366449945029759, 0.3831190328512873, 0.49472505989528837, 1.1166337430477142, 0.6246230659030733, 0.3668375511964162, 0.6323982505571275, 0.8560505005575362, 0.5944592406352361, 0.47815724639665513, 0.3560764392217, 0.10088288287321727, 0.19330378550858723, 0.5416639262721652, 0.13207291749616465, 1.1431911942504702, 0.650871108685221, 0.8234759001504808, 0.28757179918743314, 0.1257957894177664, 0.1526563750313861, 0.38554654163973673]}
===========================================
===========================================
lv1out_network2_01016SACH
{'acc': [0.7027906975302586, 0.8009302324028902, 0.8513488370540531, 0.8771162791806598, 0.9026976743520693, 0.9159069767552753, 0.9213023255924846, 0.9299534882057545, 0.9332093024142953, 0.9401860463563786, 0.9387906976855078, 0.9451162789921428, 0.9478139534994613, 0.9514418604762055, 0.9543255812290103, 0.9540465115502823, 0.9498604650386544, 0.9572093023366707, 0.9579534882057544, 0.9610232557363289, 0.9581395349724349, 0.9634418603874916, 0.9620465115502823, 0.9624186047398767, 0.9632558139534884], 'loss': [0.6016472156325052, 0.438115083200987, 0.34079958235940266, 0.2902733542586482, 0.2467043971460919, 0.22208195027362468, 0.19984667241850565, 0.1857026114713314, 0.17759724383298742, 0.16409092311526455, 0.1586990985787192, 0.15058279936535413, 0.14012536142038745, 0.13235079350721005, 0.1252166363305824, 0.12532284874001215, 0.12431190008063649, 0.11510469882987266, 0.11013051064901573, 0.10554088863799738, 0.10579434402598892, 0.10006617565764937, 0.09981003268513569, 0.0975166453538939, 0.09596563036705172], 'val_acc': [0.9103422619047619, 0.9962797619047619, 0.9977678571428571, 0.6242559523809523, 0.9977678571428571, 0.6863839285714286, 0.9787946428571429, 0.9966517857142857, 0.8727678571428571, 0.8850446428571429, 0.8095238095238095, 0.9959077380952381, 0.8642113095238095, 0.7942708333333334, 0.8255208333333334, 0.9985119047619048, 0.8415178571428571, 0.9970238095238095, 0.9296875, 0.9427083333333334, 0.9947916666666666, 0.9962797619047619, 0.4330357142857143, 0.9460565476190477, 0.8288690476190477], 'val_loss': [0.33111692326409475, 0.043717341275797, 0.04240887244010255, 0.8090137583868844, 0.024872087962215857, 0.6968559104771841, 0.08456342206114814, 0.03390023125601666, 0.292373949218364, 0.27616900702317554, 0.4313912796122687, 0.03305605315558967, 0.32594930238666986, 0.4961789087170646, 0.41676597864854903, 0.014494481064113123, 0.39132393222479595, 0.01883908224824284, 0.18947750188055493, 0.1571494507647696, 0.029543245521684487, 0.022853844555183536, 2.825189326490675, 0.12584018405704273, 0.4626497917232059]}
===========================================
===========================================
lv1out_network1_08027SYBR
{'acc': [0.7605257296142612, 0.8250723991980397, 0.8449543328135443, 0.8564825128489227, 0.8634996658631331, 0.8687346848248638, 0.8722989530094909, 0.8748050790954789, 0.8805970149120952, 0.88159946541288, 0.8825462241564755, 0.8839942081039907, 0.8838271330050356, 0.8881710849139706, 0.8898975272623726, 0.8917353530985976, 0.8940744040590747, 0.8937402539408321, 0.8965248385339305, 0.8986968144751201, 0.8973045221387371, 0.9002004900603232, 0.9028736912851, 0.9012029404947184, 0.9058253508443741], 'loss': [0.49139014367776823, 0.4051752545422503, 0.3671674706484964, 0.3476202061126375, 0.3376782356856209, 0.32911941990020627, 0.3203224817663929, 0.313497582226029, 0.30743218274896195, 0.3045024809419883, 0.300914595323088, 0.2956062039133434, 0.2928523702580564, 0.2867113697645685, 0.2834440854635927, 0.2813536870895183, 0.27708321806449193, 0.27410227940645004, 0.26903229802481765, 0.2625426382032209, 0.26337083496981567, 0.26148438183136413, 0.25597643455887564, 0.25595056101942043, 0.24974881175313768], 'val_acc': [0.8501113585746103, 0.8737193763919822, 0.8527839643652562, 0.8906458797061895, 0.9129175946282385, 0.8973273941828042, 0.9189309576571917, 0.9207126948775056, 0.8812917594389289, 0.8175946547884188, 0.9120267260048065, 0.865924276142715, 0.8844097995280158, 0.923608017764272, 0.9244988863877039, 0.9222717148689491, 0.9305122493901072, 0.9002227171226705, 0.920489977754835, 0.9265033407572383, 0.9173719376126482, 0.9327394208823121, 0.9262806235549179, 0.8957683741382607, 0.9338530066815145], 'val_loss': [0.335801721004176, 0.29424632290556596, 0.31673094168935956, 0.28533560088057824, 0.24574127310102925, 0.27262877565715254, 0.23597052013688205, 0.21522600561181263, 0.3114254149402967, 0.3954138658625511, 0.22437954479309924, 0.35121561251663685, 0.30291366352801335, 0.21676421347333488, 0.2132804566741255, 0.212002698575999, 0.19125882156840412, 0.2707933296339549, 0.224096985284098, 0.19251907618513087, 0.22479583662177513, 0.19042062782630623, 0.21081920552890923, 0.2866691108934067, 0.18368408730075195]}
===========================================
===========================================
lv1out_network2_08027SYBR
{'acc': [0.7229338382314962, 0.8708509690486979, 0.9063265761146835, 0.9228670081892585, 0.9367899309157476, 0.9421920248967658, 0.9471485854044979, 0.9528291378926265, 0.9553909556428583, 0.95711739805765, 0.9592336823080398, 0.9619068834664269, 0.9639674760260171, 0.9629093339008221, 0.9646357763156139, 0.965860993513208, 0.9667520605660037, 0.9680329694278417, 0.9676988193759889, 0.9708732456984619, 0.9700378703630218, 0.9718200044553352, 0.973602138507815, 0.9727667631989307, 0.9740476720873246], 'loss': [0.5497820348935075, 0.3275011024753403, 0.2456610646670633, 0.20581894005611656, 0.17633066529532163, 0.16101577212773868, 0.14660405851261576, 0.13490438910678781, 0.12563191023986148, 0.12064622451797523, 0.11578613233861054, 0.1081627826448086, 0.10411157768396472, 0.10437765221824542, 0.09867215752070506, 0.09686664861516343, 0.09210715225801672, 0.08814381604060269, 0.08939911048684256, 0.08128327675666648, 0.08179311376620199, 0.07776583686195468, 0.07510767412706164, 0.07317205620973168, 0.0724824985149417], 'val_acc': [0.04253897550775108, 0.43407572383073495, 0.04053452116144792, 0.8746102450154141, 0.9331848551807531, 0.39933184852578857, 0.19777282853434505, 0.15389755011799605, 0.54543429841443, 0.9191536747798622, 0.3051224944453462, 0.1697104677093321, 0.27505567931385505, 0.13630289532293988, 0.9342984409268555, 0.15011135857461025, 0.6474387528105143, 0.4792873051357694, 0.10824053452115813, 0.015144766146993319, 0.9583518930426684, 0.27015590200777306, 0.5376391982315378, 0.19955456570155902, 0.46881959913568133], 'val_loss': [2.7560189561482793, 1.1398060931925784, 5.463130450089419, 0.3608142276184596, 0.1835468989935909, 1.4869525050001846, 2.9652674582593956, 4.185406654077543, 1.302591197620787, 0.24059561397506957, 2.4681546886142485, 4.296360181116049, 2.8160370881945096, 6.145273685242922, 0.22874265779058692, 5.864291659017448, 1.3158043805202821, 1.9923040953670152, 8.603436007425355, 14.909243744253315, 0.16170958644518096, 3.4051483816585457, 1.9813862518770393, 4.8577073209269805, 2.287751284256611]}
===========================================
===========================================
lv1out_network1_01038PAGU
{'acc': [0.7997034553586361, 0.8451521403092339, 0.8620422898401238, 0.8681665806809672, 0.8736462093862816, 0.8798994326665267, 0.8818334193190328, 0.8844765343267688, 0.8857658586900464, 0.8890536358947911, 0.8894404331822565, 0.8938886024030968, 0.8938241361833958, 0.8988525013200643, 0.8978210417433705, 0.8993682310776713, 0.9011088189481152, 0.9022692109027309, 0.9054925219185147, 0.9045899948427024, 0.9064595151832879, 0.9087802991232594, 0.9087802991232594, 0.9103919545850414, 0.9093604951313072], 'loss': [0.47916388786779723, 0.38780273328803755, 0.3497165001317851, 0.33294664980395056, 0.3197299803483726, 0.30651199836101406, 0.30393116047789354, 0.3005914596044384, 0.2937640481661619, 0.28673060224912655, 0.28325682536512997, 0.2781344805644799, 0.2750477282779004, 0.26691127507387824, 0.2676843582446456, 0.26352140195994356, 0.26181678583844537, 0.25652723482369516, 0.2509474460460157, 0.24999763534940844, 0.24858633878767153, 0.24028605067465586, 0.23912938112847396, 0.23926305972988793, 0.23908096329030945], 'val_acc': [0.8231046929563549, 0.9022692111486501, 0.9115523467855763, 0.8225889631987479, 0.906652913719431, 0.9301186178749895, 0.9182568336344675, 0.9136152658160044, 0.9203197524804563, 0.9226405365741271, 0.9321815369054176, 0.9334708612994351, 0.9296028881173825, 0.7921609078380728, 0.9236719959049018, 0.8545642084777816, 0.921866941568838, 0.8867973180823009, 0.9332129964206316, 0.9321815369054176, 0.9179989687864039, 0.9174832390287969, 0.904847859967425, 0.9257349147508905, 0.9347601856934526], 'val_loss': [0.3364105900656384, 0.2467255918726963, 0.2289540031449336, 0.3758274519478863, 0.2620380864338877, 0.2004719952860095, 0.21124140498655367, 0.21706888604142605, 0.22846023165853815, 0.2030207357528346, 0.1950108373115947, 0.1921855125877893, 0.209142419197868, 0.5133150369620557, 0.22062588122285723, 0.36418804945928523, 0.21956386077090476, 0.29344026881926694, 0.19450987771714454, 0.20076154396053195, 0.2330214414878135, 0.23002988691794743, 0.2691449643011373, 0.22031579649651278, 0.1852885680354828]}
===========================================
===========================================
lv1out_network2_01038PAGU
{'acc': [0.6328648788342468, 0.6774755028057737, 0.712416193883649, 0.7428442496439426, 0.7575425477050026, 0.7737880350696236, 0.7824265085402808, 0.7919675090560107, 0.7994455905105725, 0.8024755028057737, 0.806472408457968, 0.8109850438677693, 0.8150464156781846, 0.8201392470345539, 0.8226534296028881, 0.8260056730580736, 0.8286487880350696, 0.8350954100358972, 0.834257349118306, 0.8384476534296029, 0.8421222279525529, 0.8439917483238782, 0.8468927281796779, 0.8470216606805594, 0.8514053635894792], 'loss': [0.6396612127519502, 0.5965326837253915, 0.5633570353599969, 0.5279684362029095, 0.500450634369228, 0.4768263024728036, 0.4605602795097741, 0.44603440781854486, 0.4360432081950455, 0.426714481675422, 0.4180712104765886, 0.40977651352670896, 0.39920283335272094, 0.3944255526899492, 0.3863016146553614, 0.37771866198911563, 0.37494605160239064, 0.3665396741765747, 0.3616004684126334, 0.35543653619479987, 0.3499530478428171, 0.34588577997567665, 0.3395430419234777, 0.33536568327070576, 0.3320575927707447], 'val_acc': [0.17070654970644183, 0.3308406395356393, 0.2947395565338882, 0.9760185662712738, 0.618875709036197, 0.10675605983233685, 0.9620938626314451, 0.07246003094762794, 0.6364105207948355, 0.8999484270549792, 0.9930376482723053, 0.20474471374692962, 0.18205260437379614, 0.20397111918736882, 0.8746776689322355, 0.5417741103661682, 0.4014956162509505, 0.963383187209902, 0.5838060853652206, 0.1340897369816661, 0.9749871067560598, 0.42857142870975806, 0.9963898916967509, 0.13718411549272583, 0.3434760184433117], 'val_loss': [0.9921400610351759, 0.8653570262964021, 0.9346974387250038, 0.22770935929485545, 0.6160263964476937, 1.706149879775753, 0.19881143591156814, 2.222383910076344, 0.6207682615767564, 0.2648258078583987, 0.09409161048060904, 1.442397131816575, 1.9296305191277106, 1.6481639809556816, 0.29773101338164715, 0.8046568698216616, 1.046019025658012, 0.17539011753515338, 0.7254431118296248, 2.6014367440977684, 0.1282982167707638, 1.0158182167096996, 0.043265064773853446, 2.531094783602946, 1.2705974380892537]}
===========================================
===========================================
lv1out_network1_07010NABO
{'acc': [0.7732119057931566, 0.8374055975122168, 0.8531208352108417, 0.8593958241046666, 0.8612283429322058, 0.8691692580810286, 0.8708351843625055, 0.8710017769615261, 0.8769435806308308, 0.8756663705019991, 0.8787760995113283, 0.882774322523323, 0.8831630386230099, 0.8828298533984895, 0.8861617059084851, 0.8887161261661484, 0.8913816081741448, 0.8942136827811619, 0.8953243002844937, 0.8951577076589939, 0.8951021767838273, 0.8974344735408243, 0.8975455353176366, 0.9018214127054642, 0.9030986228078167], 'loss': [0.4935756597133384, 0.39604745443160666, 0.36103372504212283, 0.34616338723450435, 0.33971548044697436, 0.3263244770569888, 0.3228524701561413, 0.3182771312348422, 0.31168393533211824, 0.3084673288397024, 0.304241446866718, 0.2984353977043276, 0.2953211339989115, 0.28955443120701796, 0.287647436243436, 0.2807261419827172, 0.280923711557168, 0.27480242111745384, 0.2700396352929573, 0.26910826582370573, 0.268228874828539, 0.26290432236317474, 0.2608961534865535, 0.2551224209080268, 0.2541027919338418], 'val_acc': [0.6701466015104398, 0.9127054642381164, 0.8556197245668592, 0.7947578853842736, 0.8054198134692178, 0.904042647712128, 0.8018658374585559, 0.9080408706446851, 0.9162594401693408, 0.8649489115948468, 0.8385162150155486, 0.8458462906699348, 0.9053753886366886, 0.906486006351854, 0.9227010216886655, 0.9182585516753381, 0.8776099511328298, 0.8360728565082186, 0.9122612172367837, 0.9240337626926637, 0.7321190583022739, 0.931363838214654, 0.9293647267086567, 0.9000444246206957, 0.9127054643705124], 'val_loss': [0.6337623110794851, 0.2528802966181833, 0.31871146339673245, 0.43848596631765685, 0.4178820598501462, 0.2506330372895574, 0.4371047463352444, 0.2339078412949377, 0.23033799132417435, 0.3021082276596739, 0.3416958507473127, 0.3658397954233696, 0.25280025568288045, 0.25380582293236537, 0.20468027159399532, 0.21320135569053456, 0.2683561185398853, 0.36207737155202385, 0.220424579554918, 0.2001563235984967, 0.6265482427490282, 0.20181501985443587, 0.20858564326123416, 0.24494537166499764, 0.2352856354798703]}
===========================================
===========================================
lv1out_network2_07010NABO
{'acc': [0.7193469569345201, 0.8512883163038649, 0.8931585961794758, 0.912649933389429, 0.9251999111770789, 0.9325299866461108, 0.9366948022836052, 0.9409706797243912, 0.9455797423367392, 0.9490226565705888, 0.9517992003553976, 0.9568525099690783, 0.9535206574590828, 0.9565748556462037, 0.9575188804975566, 0.959351399351575, 0.9634051532387363, 0.9632940915148823, 0.9641825855175478, 0.9639604619904022, 0.965348733869567, 0.9645157707420682, 0.9668480675255442, 0.9700133274365191, 0.9695690803822281], 'loss': [0.5445621281743103, 0.34794021040691053, 0.2679892627994837, 0.22604681468708998, 0.200134896506526, 0.18328932206374388, 0.17014500947593847, 0.15865016082216507, 0.1510670594225614, 0.14286654588846248, 0.1321900714683644, 0.1253104018620892, 0.13015517399463056, 0.11966791067823523, 0.11756399159680891, 0.11348912876673616, 0.10679341613359315, 0.10320322792058598, 0.10126743755691822, 0.10016355063453455, 0.096110909035316, 0.09525979009404388, 0.09485921613220001, 0.08778026582187465, 0.08859819957596733], 'val_acc': [0.7652154598221256, 0.02132385606397157, 0.8285206575120412, 0.9191470458898371, 0.951132829773961, 0.9597956462999494, 0.7401155042997841, 0.3351843625055531, 0.4375832963127499, 0.4133718347401155, 0.7043536206792588, 0.3431808085295424, 0.4820079964526438, 0.3700577521101733, 0.4629053753887161, 0.4844513549599739, 0.6697023545620654, 0.31519324744557975, 0.5299866725965798, 0.5215459795712577, 0.5362061306152381, 0.3913816081741448, 0.8873833851356709, 0.38871612616614837, 0.9306974679244884], 'val_loss': [0.5525555556109618, 5.995150423960811, 0.45891720673498815, 0.24602925447107474, 0.1520015262613451, 0.11984277397198896, 0.7964483091747533, 3.320374207939375, 2.5013981672564065, 2.927932117738389, 1.0578625862702218, 4.213527240100727, 2.3130821530313717, 3.8722031030693036, 2.762784461983571, 2.5694804107385547, 1.2885721330640583, 5.40422462580311, 2.2949884767693343, 2.2974151718198113, 2.220378263851422, 4.664048257164296, 0.5043503763919563, 4.992697931405758, 0.2625651823827167]}