first write
===========================================
===========================================
lv1out_network1_07043SEME
{'acc': [0.7626208948878733, 0.8318365394834732, 0.8446168562015092, 0.851870549473908, 0.8582474226804123, 0.8624721011797215, 0.8650228504623233, 0.870177489637581, 0.8716654267190987, 0.8740567541715379, 0.8789191199914975, 0.8775640344351153, 0.8810181740886386, 0.8836486342863216, 0.8848708683175683, 0.8867839302795196, 0.8876341800403869, 0.890291210543097, 0.8899989371877989, 0.8924699755553194, 0.8948613030077586, 0.896561802529493, 0.8970400680199808, 0.898129450526092, 0.899404825167393], 'loss': [0.5079483054107149, 0.39711221048183, 0.37080393438923814, 0.35586091373359274, 0.34670163551518685, 0.3381515810271482, 0.33090007597815535, 0.32364265783672597, 0.31797557858595216, 0.312601415054212, 0.30561890701505684, 0.3037516805403214, 0.2979156073067606, 0.2921290775945709, 0.2925281913491564, 0.2874041520259448, 0.2846303029982212, 0.2806702585124174, 0.27688605783912856, 0.2757014636342692, 0.26965230858874556, 0.2666249867397625, 0.2648701798061925, 0.26376634087337925, 0.2584546376508688], 'val_acc': [0.7594048884165782, 0.7701381509032944, 0.785547290116897, 0.7713071200850159, 0.8073326248671626, 0.7781083953241232, 0.8044633368756642, 0.7928799149840595, 0.824654622741764, 0.8397449521785335, 0.8366631243358129, 0.7785334750265674, 0.8312433581296493, 0.8564293304994687, 0.7992561105207227, 0.7879914984059511, 0.8443145589798087, 0.8015940488841657, 0.8494155154091392, 0.816259298618491, 0.7358129649309245, 0.843039319872476, 0.7533475026567481, 0.8664187035069075, 0.8464399574920297], 'val_loss': [0.5277453975932125, 0.47529921014649706, 0.43858375056358756, 0.46629722740235924, 0.41045670691881564, 0.4791576545293602, 0.4228900145561168, 0.43758606573014536, 0.3906515130466375, 0.35904419934822446, 0.36647173667902583, 0.4742610867975495, 0.37735541202642586, 0.33695723661018673, 0.42835629728645497, 0.4438766634354999, 0.3603412680446658, 0.427132496498248, 0.39007477524337003, 0.41540519264106035, 0.5530997137207534, 0.3822632387135966, 0.49426342795081396, 0.3184058822639975, 0.36680969601214]}
===========================================
===========================================
lv1out_network2_07043SEME
{'acc': [0.6935912424274631, 0.739531299819322, 0.7694760335848656, 0.78786268466362, 0.8009618450419811, 0.810341162716548, 0.819481347645871, 0.8256722287171857, 0.8334041874800723, 0.8378148581145711, 0.8420395366138803, 0.8481772770751408, 0.8505420342225529, 0.8524816664895313, 0.8557232437028377, 0.8602136252524178, 0.862046976299288, 0.8655808268678924, 0.8664576469337868, 0.869380380486768, 0.871187161228611, 0.8740301838665108, 0.8770591986396004, 0.8771920501647359, 0.8791582527367414], 'loss': [0.5927894327728968, 0.5415116926855711, 0.49744114155900604, 0.4620173243194651, 0.4377622626130342, 0.42058529115430177, 0.40489279942578904, 0.39238997722789526, 0.37985382680368923, 0.3702931939218918, 0.3589027624908676, 0.3486626560876291, 0.3420978849303369, 0.3365594802329487, 0.3308621645195475, 0.32380870951167173, 0.3162325647574376, 0.31041874260879093, 0.3073347775953104, 0.3020051197223195, 0.2987662932389803, 0.2915557277026497, 0.288795985654432, 0.28828466511872436, 0.2823844586295825], 'val_acc': [1.0, 0.8994686503719448, 0.9981934112646121, 0.9438894792773646, 0.0671625929861849, 0.9948990435706695, 0.9875664187035069, 0.9894792773645058, 1.0, 0.9500531349628055, 0.9995749202975558, 0.999893730074389, 0.7090329436769395, 0.9459086078639745, 0.9921360255047822, 0.9716259298618491, 0.1318809776833156, 0.999893730074389, 0.1687566418703507, 0.999787460148778, 0.07151965993623804, 0.020616365568544102, 0.9970244420828905, 0.9618490967056323, 0.999787460148778], 'val_loss': [0.4280026566842917, 0.4440037486086996, 0.21180787724022151, 0.31584479418621814, 1.2357470925125382, 0.12883931525392056, 0.11671269142507366, 0.08986123516664749, 0.02875781436386448, 0.2217219760960144, 0.03487969004053239, 0.015741242354341826, 0.6060742135889092, 0.21237607661013141, 0.07149168093006872, 0.14014364787863368, 1.8753119083064016, 0.006517586471190266, 1.7247956069192267, 0.015061991207309534, 2.392750637386861, 3.0270740487750354, 0.03110468610883646, 0.14256491578094005, 0.01030490728714736]}
===========================================
===========================================
lv1out_network1_07001MOEL
{'acc': [0.7741867620374997, 0.8351697478186032, 0.8463986115128724, 0.8567333736633976, 0.860046808846346, 0.8617298235542646, 0.86725221553107, 0.8699082231124733, 0.8740368685392063, 0.8767717674252713, 0.8810318983958246, 0.8820574854786868, 0.8850816525163283, 0.886107239600758, 0.88789544271019, 0.8917611171088443, 0.89249743604013, 0.8943119362636553, 0.8968627554074944, 0.8973098061966082, 0.9007810240076891, 0.9022273647749763, 0.9018329082030773, 0.903936676570342, 0.9023062560812054], 'loss': [0.49397906161141153, 0.39189718414588726, 0.3681492342344701, 0.35019385016805904, 0.343957386029824, 0.3358183674713945, 0.3292945797719508, 0.3203822385833131, 0.31453996393755623, 0.30814580994225144, 0.3015465200222441, 0.298258849100608, 0.2911254351431927, 0.287195210998928, 0.284494504784354, 0.2781998106186711, 0.2745880320878648, 0.2696682325949986, 0.2666054744202204, 0.2630736596529084, 0.25983489647205543, 0.2567816890238725, 0.255530609513237, 0.2530948451829188, 0.2500003910564394], 'val_acc': [0.7051646155965959, 0.7702745345722956, 0.8017250447164415, 0.8150836226064173, 0.7770064163561611, 0.816871778714465, 0.851793415384412, 0.8318081413883258, 0.8420111496979924, 0.7737456611231749, 0.7402966236032446, 0.8149784369662795, 0.8598927106468086, 0.8502156305942573, 0.8690438624234359, 0.8277059009401934, 0.8370674240284441, 0.8234984748331144, 0.8733564741894614, 0.8689386767707589, 0.8771431576858325, 0.8881876512106452, 0.8425370779676469, 0.8888187651267071, 0.8777742716018944], 'val_loss': [0.5448577174807342, 0.45173525405228543, 0.4122409747845494, 0.39344269046964514, 0.47466356404211113, 0.4019824911555093, 0.36054871408589145, 0.368215846599396, 0.3538025087242286, 0.496748585876599, 0.5471842341635197, 0.3993795264265045, 0.3261902862459349, 0.34380408618851915, 0.30660991644814173, 0.3922790572779204, 0.3695696277254523, 0.3894831335254933, 0.3032956751138113, 0.3138288293283445, 0.2966540672384227, 0.2803875351630514, 0.36751131876242, 0.283433600399689, 0.2977249975070049]}
===========================================
===========================================
lv1out_network2_07001MOEL
{'acc': [0.6671838430627978, 0.7172798274894258, 0.7475214978799483, 0.7648249927651614, 0.779472480086213, 0.7907013437804822, 0.7980119388917984, 0.806137744231225, 0.8122649696315464, 0.8179451442364843, 0.8216004417897913, 0.8254135219790681, 0.8302258921292766, 0.8323559576074998, 0.8375627843437141, 0.8424540458173935, 0.8441107634049491, 0.8498172351302502, 0.8527888079491096, 0.8537355037194729, 0.8568122649696268, 0.860073105958872, 0.8612564756588947, 0.8657006863622695, 0.8662529255591663], 'loss': [0.5492941375443589, 0.5140318236495656, 0.4875870837158241, 0.4649508454068791, 0.4451018159713703, 0.43088673596209476, 0.41625118126850896, 0.4054675980119848, 0.39443206084979293, 0.3866695843500427, 0.37647424643404664, 0.37120689998609857, 0.3613107372089524, 0.35754185982627873, 0.34904974554189894, 0.34136594446630136, 0.33558623175822666, 0.32935469383055715, 0.3246044119705919, 0.3207244969604456, 0.3148228255957173, 0.30910856596760905, 0.30397144109610236, 0.29842450155286315, 0.2945156963871509], 'val_acc': [0.18344377829215497, 0.37130535395442343, 0.867466077664629, 0.8939728621266876, 0.4877458714725368, 0.480698432749449, 0.8784053855367648, 0.9556116545828557, 0.17681708216096645, 0.9043862417291689, 0.9931629325759966, 0.9504575576079535, 0.6859156411755182, 0.5747344062301254, 0.2739034396178642, 0.8514778584514593, 0.4455664247678785, 0.788261281211406, 0.23098769329587807, 0.5908278111931502, 0.871147575495784, 0.3321762911946387, 0.8869254233973303, 0.8374881666516911, 0.9603450089658587], 'val_loss': [0.9058551264007322, 0.8686064461296485, 0.45730355501087155, 0.4037983736725301, 0.8096025055974794, 0.9462378953074235, 0.40014480354219906, 0.19373267784478024, 1.7650943605308216, 0.33135268734784684, 0.08153853295981238, 0.20310733596885117, 0.6239550008161394, 0.8130828973508927, 1.6162351200579845, 0.37827017698000065, 1.2604057195247556, 0.4930209663747625, 1.9787589213167742, 0.7863927001241907, 0.3677177088041467, 2.0082471166309577, 0.3106124530464765, 0.4062389983944779, 0.12855749688803542]}
===========================================
===========================================
lv1out_network1_01016SACH
{'acc': [0.7375674907136078, 0.8143648763514608, 0.8345055413639115, 0.8463341858990662, 0.8528701335606707, 0.8575234441433348, 0.8616084114297204, 0.8642014776417124, 0.8684640522367678, 0.8721582835524826, 0.8733304916338746, 0.8779838022504147, 0.8794046604487665, 0.8821753339524905, 0.8847684001475445, 0.8888888888888888, 0.8899545325207148, 0.8907360045467463, 0.8942881500426257, 0.8971653878604122, 0.8975206024946899, 0.8986928104575164, 0.9019607843645393, 0.9017476555331588, 0.9033461210232426], 'loss': [0.5410129276569271, 0.4173360981955451, 0.38170498414756426, 0.362236273427618, 0.34936413037638053, 0.34048403278268446, 0.3312211125013536, 0.3260113104191244, 0.31881523029849623, 0.3112246452593336, 0.30821256670263486, 0.30136605025896057, 0.298263562084701, 0.2899445376763055, 0.2866777684428401, 0.2807727683908257, 0.2764800864547855, 0.2740003121707141, 0.2685259684103055, 0.2658588988947306, 0.2618170327491874, 0.2582475095606216, 0.2543548108307466, 0.2536246465007227, 0.24770856978338393], 'val_acc': [0.7570332480987794, 0.763427110143804, 0.7844558110729, 0.793123046082846, 0.8054845125270723, 0.7926967890129133, 0.797243535247639, 0.8174197215287311, 0.8385905084131657, 0.7963910199390551, 0.8599033816425121, 0.8580562661201583, 0.8839158851946576, 0.8620346689400398, 0.8671497584541062, 0.8577720942264188, 0.8695652171372351, 0.8672918440198722, 0.8564933221019714, 0.8783745382210856, 0.8657289000016852, 0.8891730605285593, 0.8908780903665814, 0.8908780903665814, 0.8930093776641091], 'val_loss': [0.4973636058945993, 0.47992793618192997, 0.4467344444205931, 0.4403110754594914, 0.42408726214685033, 0.44251407762927475, 0.4381447383018677, 0.4044574553670447, 0.36947239585205993, 0.44112056474280514, 0.32828854507565264, 0.33665662393308426, 0.3004783926323653, 0.3335446745462125, 0.31659532827675835, 0.3427359823494277, 0.3245246638058261, 0.3187076539631153, 0.34676461587849244, 0.29786524005736026, 0.32888373625857753, 0.2725990144946115, 0.2680053838003881, 0.2771990545883745, 0.2695611949674478]}
===========================================
===========================================
lv1out_network2_01016SACH
{'acc': [0.7606564364707006, 0.8442739414945182, 0.8720161977834612, 0.8896703608471686, 0.9007530548451265, 0.9116226200286419, 0.9139670361236741, 0.9226342710489304, 0.925795680608015, 0.9298806479452143, 0.9357061665076429, 0.9336104007328258, 0.9394714407671511, 0.9426328502923598, 0.9430235862969065, 0.945048309195682, 0.9483518044390981, 0.9501278772378516, 0.9507672634609858, 0.952330207462235, 0.9523302074791729, 0.9549232736742269, 0.9560954816709293, 0.9578360329639102, 0.957516339903157], 'loss': [0.4554649807320091, 0.3508553890451581, 0.3030365496983952, 0.2704084678853429, 0.24489649312168943, 0.22477864572933431, 0.2142704537254262, 0.2002012122038177, 0.19137044380963883, 0.1833583076367259, 0.17207088504165505, 0.1700555154671043, 0.16041404901495301, 0.15230519893021027, 0.15202309477478307, 0.14424704167061347, 0.13785610273247517, 0.13308639498652466, 0.130952774896121, 0.12777451548379198, 0.12498504098723917, 0.12069836144980534, 0.11899679941666434, 0.11395022813384253, 0.1139027238014951], 'val_acc': [0.9565217388763655, 0.8204035235250765, 0.9975845410628019, 0.9977266268826371, 0.19749928952855594, 0.9789712987998969, 0.8695652174251802, 0.708866155242405, 0.7921284457843863, 0.6457800512525228, 0.9903381642512077, 0.9958795112247798, 0.9211423697543436, 0.9951690822611075, 0.9968741119636261, 0.9836601308544578, 0.9917590225850631, 0.9389030974878103, 0.9698778063304453, 0.8205456093449117, 0.48138675761006033, 0.9606422277870894, 0.9973003694231316, 0.9771241827524667, 0.7094344982507386], 'val_loss': [0.249632270228087, 0.4338571680696487, 0.02770660531530583, 0.02297496622040313, 2.0145288418219423, 0.11747616784380864, 0.34084585547853713, 0.6595399310284631, 0.48030829270409736, 0.813876551672558, 0.04899678705352787, 0.03399572902287347, 0.21131577481428104, 0.03838359229065506, 0.020432983755347623, 0.07530229871509833, 0.06456823476160681, 0.18128025089264865, 0.10114142549803529, 0.43779509658331084, 1.4324899657133732, 0.1343398926973885, 0.016815166997438246, 0.07249054803906534, 0.7444033311591565]}
===========================================
===========================================
lv1out_network1_08027SYBR
{'acc': [0.7736900485697846, 0.8396101838283551, 0.8500158461989445, 0.8562222691864789, 0.8607912529177276, 0.8639604902005513, 0.8680276780180868, 0.8723061482951174, 0.8737851257256718, 0.877297697020917, 0.879463342501501, 0.8822892456963428, 0.8840587365181481, 0.8860659201478142, 0.8878354109444327, 0.8894464398901331, 0.8904764420155513, 0.8921402915572354, 0.8935400380560341, 0.8971054299346695, 0.8973431227425301, 0.8988749207942551, 0.9003538981744358, 0.9026780055185314, 0.9039192901160383], 'loss': [0.49309593291129517, 0.3841737710835187, 0.3620747677649702, 0.34816347214023585, 0.34039129228338033, 0.3300348039588187, 0.3245017295807581, 0.317544173601186, 0.31240062748066044, 0.30676304882232114, 0.3012954555869027, 0.2959748860609952, 0.2912816493387281, 0.28714939169215775, 0.2831503986342624, 0.2810711255480063, 0.27782887372763043, 0.27167391137922636, 0.269283351215882, 0.26480699113174444, 0.26328295269993224, 0.2599480336182923, 0.25633248575023887, 0.2523669528357957, 0.2489007946891687], 'val_acc': [0.7122332558001219, 0.749102049364541, 0.8002324106198094, 0.8133319246700947, 0.8234734841741066, 0.8070990913845685, 0.7969575322457657, 0.8402704417063271, 0.8105852523818219, 0.8145996195907802, 0.8521022608485203, 0.8364673567427758, 0.8473484047038999, 0.8425945487985544, 0.8533699557566123, 0.848299175884969, 0.8264314389722482, 0.860130995266437, 0.8482991761368374, 0.8622438198739822, 0.8786182125501796, 0.8602366363954372, 0.855482780616026, 0.8833720684555251, 0.8742869215008574], 'val_loss': [0.5344626230667642, 0.4975312682820656, 0.420001155527782, 0.4043574525838721, 0.39179346835275747, 0.4215035835513599, 0.44116191579528374, 0.36343187157016665, 0.41412787509662213, 0.4056749784484263, 0.3506033951957735, 0.3696876395688157, 0.351324993845476, 0.36487307184636153, 0.34690189113324527, 0.3570654591848098, 0.3836952869424401, 0.33556676138260894, 0.34508394612246934, 0.3251802491702213, 0.3093603438590121, 0.32686194970797666, 0.3384338511666057, 0.30030537187776074, 0.3088794011483353]}
===========================================
===========================================
lv1out_network2_08027SYBR
{'acc': [0.7211863511640829, 0.7978818931162496, 0.820726811772493, 0.830762729794889, 0.8380255651932399, 0.8425681386264968, 0.8490386647072903, 0.8538981618549767, 0.8562222691486987, 0.8591009930024912, 0.8663110077922651, 0.8671297274330013, 0.870246144107248, 0.8743397422353687, 0.8762676948829052, 0.8809951405154457, 0.8830287343927299, 0.8863564335264718, 0.8873072047453211, 0.8914536234946123, 0.8940682442173654, 0.8939097824042276, 0.8950454257468, 0.8971318402578482, 0.8992446651298552], 'loss': [0.5079471392483432, 0.4244594047443826, 0.3922989051777239, 0.37169781934880014, 0.3605824571985184, 0.349213762450062, 0.33628341028560876, 0.33112809858537745, 0.3241324741153266, 0.31815076675899634, 0.3073600425217486, 0.30304346135849936, 0.2983463000739928, 0.28975025706580343, 0.2849020003334251, 0.278705799375607, 0.27257053886524296, 0.2675520407959595, 0.26407073361977396, 0.2549724436048068, 0.2533896830717655, 0.24916756834253156, 0.2464958035823736, 0.24067697478050967, 0.23514450614897664], 'val_acc': [0.9497147687716134, 0.886435664382667, 0.0680329600668233, 0.8773505175413401, 0.2189942953099465, 0.12317768853183733, 0.6995563067192007, 0.21582505810898, 0.9169659835325596, 0.8868582293520311, 0.24614409464825643, 0.482780477485822, 0.05852524825534532, 0.6925839848380347, 0.8273822101785042, 0.1052186773574783, 0.9835199663207366, 0.6037396998151573, 0.15391929005307123, 0.23145996197544946, 0.9184449609253338, 0.7972744558720415, 0.17420240859199018, 0.9482357913788393, 0.6737798435879943], 'val_loss': [0.24529535526292862, 0.3574356577649772, 1.748255538507216, 0.36640201103175996, 1.342643836752043, 1.7831635859257924, 0.6386916723307762, 1.3891184004320798, 0.28390839046739813, 0.3402080252284911, 1.3466125832232667, 0.9883115741936067, 2.4924820770603793, 0.6560772536245734, 0.43661361296157264, 2.339996174780682, 0.09258435017527875, 0.8292483499884832, 2.0766186715431707, 1.7853584308944643, 0.24719847103090084, 0.5071923711663594, 2.182323120498214, 0.17359165120661296, 0.6937241677297943]}
===========================================
===========================================
lv1out_network1_01038PAGU
{'acc': [0.78214254584703, 0.8468489409424771, 0.8579190516712935, 0.8638463550249607, 0.8689310515429489, 0.8721271464388738, 0.8761077374813049, 0.8790713891079152, 0.8801173838492721, 0.8836621437496154, 0.8878461225401272, 0.8912746608196679, 0.892117267641492, 0.894964697720037, 0.8961559694752742, 0.897463462808018, 0.8992648982023568, 0.9016183862747257, 0.9036813202898926, 0.906063863758803, 0.9067321381857918, 0.90748757885436, 0.9097539007163226, 0.9107998954265064, 0.9124269982701444], 'loss': [0.4793992239875706, 0.3684875441228962, 0.3453917158894492, 0.33318866357117677, 0.3237759636230519, 0.3173305514429124, 0.31003901721775373, 0.30340583299511237, 0.29805647854428563, 0.29284131786116474, 0.2886606068484998, 0.2798759307027483, 0.27753864591675237, 0.27256039175726565, 0.2690482989897875, 0.26348239419864994, 0.2601464866369181, 0.2566261347433592, 0.2513377463320213, 0.24798678593261897, 0.24629449788768373, 0.24446543714587768, 0.24000119437800288, 0.23619854566172338, 0.23371680625077235], 'val_acc': [0.7028471817740308, 0.8300987797791981, 0.7401510750464684, 0.7531667635996352, 0.8368390470656595, 0.7900058106514412, 0.8323067983730389, 0.8284718187100523, 0.7444509006668703, 0.8374201045903544, 0.8307960488088321, 0.862754212667054, 0.8266124345686877, 0.8486926205694364, 0.7879140034378579, 0.8395119116169155, 0.8907611853573504, 0.8218477629423834, 0.894479953515398, 0.8811156304474143, 0.8962231260894828, 0.9028471818710052, 0.9007553747821034, 0.6797210923569761, 0.8031377107234003], 'val_loss': [0.5460622348493092, 0.3809864049384512, 0.5144186560287509, 0.4873524921602596, 0.36978027886650994, 0.4343325827614919, 0.36728778498800324, 0.37090014856025133, 0.5180234783752792, 0.3716602797999346, 0.3706510849864174, 0.3229525438977978, 0.37958880996440886, 0.34077093470657654, 0.4616093618934893, 0.3585528996640482, 0.28298431270382973, 0.40388205279312045, 0.273440107691953, 0.2852470283727186, 0.26061969514652644, 0.25670258824749786, 0.259330557183704, 0.723115781709803, 0.4524110757078562]}
===========================================
===========================================
lv1out_network2_01038PAGU
{'acc': [0.6990150216445477, 0.7579393904573585, 0.783537205447331, 0.7971060812658604, 0.8060260917812263, 0.8136967196564847, 0.8185199175224717, 0.8262486561838857, 0.8276723712378786, 0.8329895110373045, 0.8380451521448966, 0.8405729726571286, 0.8447569515325005, 0.8480111572751953, 0.850045035923262, 0.849986925034928, 0.8549263445373041, 0.8549553999459685, 0.8603306505488681, 0.8607083708736272, 0.8620449196877726, 0.8642240753375968, 0.8696283813353062, 0.8708487085130624, 0.8713426504049371], 'loss': [0.5289431963560038, 0.4769806815342973, 0.44919067645649985, 0.4268424812174274, 0.4132159566634737, 0.4004303608364073, 0.39064107600325787, 0.3819484052716409, 0.37414961820453424, 0.36647693780072116, 0.36066946328581667, 0.3545220658630345, 0.34674075107310254, 0.34244714561950174, 0.33748650792779955, 0.3336781331196167, 0.3270209914726954, 0.322030675842625, 0.3169176362752118, 0.3138732992098132, 0.3105311132646, 0.3068827701431664, 0.3007954833153689, 0.2968862061191659, 0.2927893150188556], 'val_acc': [0.9038930855055038, 0.6159209760935206, 0.7908192910613326, 0.7656013944895721, 0.7739686229837142, 0.5937245787263679, 0.8213829169226274, 0.3327135386472521, 0.8539221383055444, 0.8809994188801346, 0.7977919814338662, 0.9635095874491575, 0.13561882624648325, 0.7613015688206829, 0.9246949447995352, 0.849506101055522, 0.8178965717883113, 0.8754212667192574, 0.2520627542576909, 0.9249273678232667, 0.9259732712915233, 0.6095293434465575, 0.24323067981998703, 0.38500871583170004, 0.8088320744030701], 'val_loss': [0.3951438031904508, 0.7554322729964092, 0.5444551086231832, 0.5610130993139598, 0.5371562500182866, 0.8014094594811922, 0.49075772643851234, 1.204623289408897, 0.395771159854204, 0.41549310339598516, 0.5131179078452328, 0.18535891029808427, 1.9768304161801025, 0.5641612009071182, 0.2902576351117284, 0.41780039725921514, 0.47860298426881354, 0.37531714429694646, 1.5641199497896734, 0.24472414116434135, 0.24860086901495443, 0.8184952436873277, 1.5814945040574813, 1.2343672580874154, 0.5019796470096817]}
===========================================
===========================================
lv1out_network1_07010NABO
{'acc': [0.7708042648351081, 0.835671975778344, 0.849072002129632, 0.8555482427258232, 0.8611557193864439, 0.8640515993092426, 0.8710543635896716, 0.8730288271874491, 0.8765565354949285, 0.8787942608893192, 0.8821113597676677, 0.884138475736066, 0.8887192312723652, 0.8901934974269207, 0.8910885875972302, 0.893036725048142, 0.894932210106465, 0.8968540213226378, 0.8980123733256512, 0.8995919441853572, 0.9019613005353289, 0.9015137554266366, 0.9041726997734387, 0.9046728972197992, 0.9070685797244824], 'loss': [0.492955071071394, 0.38749900844962687, 0.3617831822177274, 0.3496540458865804, 0.3409930031221447, 0.3329843277521348, 0.32437702140769503, 0.31467890746659066, 0.3113999223558467, 0.3024730190001178, 0.2980935265049113, 0.2929365105419955, 0.2861311761441946, 0.2805760983143792, 0.2795310657181614, 0.27655389511979095, 0.2716852382741446, 0.2686269637658688, 0.26477389682966485, 0.260966332601029, 0.2582660137516457, 0.2558233479881061, 0.25238080405398106, 0.24782686728552109, 0.24467321422220265], 'val_acc': [0.7467621354551156, 0.7623460039322258, 0.7876171421864114, 0.810887648718626, 0.8147836158661462, 0.8192060650606287, 0.8315257450160295, 0.824049699892681, 0.8127829840312045, 0.8483731704623345, 0.8287880383153408, 0.8450036853617764, 0.8484784668717269, 0.8402653469391166, 0.8639570390524156, 0.8532168052943867, 0.8680635990187208, 0.8653258923745173, 0.8496367273750438, 0.8433189428114974, 0.8789091291861421, 0.8021480467139488, 0.8711171948911015, 0.8708013056629241, 0.8579551437170465], 'val_loss': [0.539008465549551, 0.46712188482460276, 0.44898161097515304, 0.40750797402172123, 0.39828391431682647, 0.39501378673389737, 0.3963343213392055, 0.3859576889530187, 0.4096197523957267, 0.3524623872296263, 0.376366805663746, 0.3494836195677321, 0.35165095051878614, 0.3735589240084852, 0.3367441064375406, 0.3435956950161072, 0.3185452974848689, 0.3220049812346367, 0.35309746362189687, 0.3705633515004699, 0.3090632477879361, 0.4269639814139743, 0.31687788717543636, 0.3071762915377844, 0.34434899843415673]}
===========================================
===========================================
lv1out_network2_07010NABO
{'acc': [0.6551796762067988, 0.6936159010072813, 0.7113070949247139, 0.723074897975063, 0.7346584178168978, 0.7437409503704406, 0.751006976431791, 0.7584836119473789, 0.7658022903981798, 0.7698038699706322, 0.7768592865526386, 0.7820981966785432, 0.7856259049828843, 0.7940239568454617, 0.7972620771561105, 0.8016058970599232, 0.8076609188072679, 0.8104778201859044, 0.8143214426684634, 0.8163748848182489, 0.8202711596635827, 0.8234566276114568, 0.8301171515024663, 0.8304593918605024, 0.832907726732668], 'loss': [0.6317622115035519, 0.5907661665767937, 0.5677345425278886, 0.5506794315114435, 0.5342287485601401, 0.5197534210488595, 0.5076534594660357, 0.49383670886253017, 0.4812192253757656, 0.4727378414409073, 0.46122803681380375, 0.4519971593165062, 0.4456933024958339, 0.43404062383030845, 0.42820264200042607, 0.4191838460281144, 0.41057311636735944, 0.4045136158711442, 0.39755438292702827, 0.39280297590177654, 0.3851735661982925, 0.37977357244231097, 0.37345515604911705, 0.36964479865440336, 0.3653668957022094], 'val_acc': [0.0, 0.0, 0.0, 0.0, 0.04780456986416763, 0.04527745603874908, 0.11182478677006387, 0.02569232389175529, 0.7434979466823599, 0.3488470043077386, 0.05391176160657558, 0.09539854690719683, 0.06728440559941543, 0.0028430030535958723, 0.8726966410319881, 0.6476782141352397, 0.32252290197688804, 0.8842792461216419, 0.16478888069446104, 0.17984626723757993, 0.6066126145161214, 0.7246498894011132, 0.24418237337165347, 0.38780667579549355, 0.623144150734249], 'val_loss': [1.2993203147883363, 1.2925079607945988, 1.3784608328306036, 1.2329126923312963, 0.9166126472078601, 0.9774759458067092, 0.8818852935601024, 1.1758191566586784, 0.6390729994601647, 0.8559260397029197, 1.2222756637050263, 1.0903850141494942, 1.2185684187331676, 1.8323015627188721, 0.4844692923137235, 0.6828433957252551, 0.9386578882143499, 0.4526602788713087, 1.169081551496187, 1.140889521559954, 0.7383506395094543, 0.6277253322128348, 1.199286078432679, 0.9081145094559923, 0.70569491614238]}
===========================================
===========================================
lv1out_network1_01042GULE
{'acc': [0.7519515831752872, 0.8277928836529769, 0.8444288512755844, 0.8577025407354577, 0.8626143905679632, 0.8697482677132429, 0.8743969827190713, 0.8774084144717953, 0.8804198462001218, 0.882378738717587, 0.8863257609155936, 0.8888401602425186, 0.8919100663736752, 0.8942782797057235, 0.8971435254322027, 0.8981375902872861, 0.8999795339590094, 0.8988977575293062, 0.9030494401180489, 0.9024939332859344, 0.9032248633213114, 0.9069087506996115, 0.9100956056538553, 0.9088968804080357, 0.9097447592368744], 'loss': [0.5197262088717401, 0.405095341541288, 0.3723683205094703, 0.35164340235519675, 0.339781796843257, 0.3269244026737639, 0.31854458121226215, 0.31098406113632115, 0.30295652203431545, 0.3002008360418504, 0.2917205747726127, 0.28506785179914634, 0.2815401503247754, 0.27516683046833046, 0.27137097237532076, 0.2674957660797137, 0.26435277108582816, 0.2635088371454343, 0.25790530218212443, 0.25646656157642594, 0.2530791922274052, 0.24872856615337507, 0.24555723433861854, 0.24442566717508868, 0.24172094733893576], 'val_acc': [0.7054145714788043, 0.7695006432484192, 0.8180329786268762, 0.7656414455007411, 0.8558063384399486, 0.802713133001757, 0.7980353175555178, 0.8505437960611869, 0.7849374342809545, 0.7794410011222134, 0.8742837095076599, 0.8753362179862004, 0.8168635247827427, 0.8966202783300199, 0.8953338790784704, 0.8514793591671639, 0.8963863875570108, 0.8496082329761214, 0.8933458075078938, 0.8794293065208285, 0.8459829260084227, 0.8979066775815694, 0.8400187112966931, 0.9069114723424161, 0.852999649198693], 'val_loss': [0.5380029632200094, 0.46247768191939387, 0.38940575250811416, 0.47413730598683806, 0.33246438475871365, 0.41716413013266757, 0.4233159661056033, 0.3396553476014872, 0.4503778798331184, 0.46143400562797954, 0.30437209892204636, 0.3048121539135033, 0.40469577587873473, 0.2732394170005159, 0.2712195978987121, 0.3410069058372492, 0.26228174257123, 0.3496292469696948, 0.2755504417879137, 0.2990038224429837, 0.35408506510467114, 0.2600225978999818, 0.3791547156177673, 0.24860329803812575, 0.34304955564400086]}
===========================================
===========================================
lv1out_network2_01042GULE
{'acc': [0.7811887845903678, 0.8796889161995983, 0.9057100254293945, 0.9195976961259552, 0.925357424804726, 0.9323158787293165, 0.9353565476590582, 0.9407654299504735, 0.9414963599562252, 0.9442446569066694, 0.947285325836411, 0.9491272695377598, 0.9501213344032993, 0.9525187849019092, 0.9562319094694257, 0.9560272490891456, 0.9572844487203686, 0.9586293600150878, 0.9600912200684151, 0.961026810501499, 0.9634827354325644, 0.9647106978919978, 0.9658217115631975, 0.9655878139222515, 0.9673128088353666], 'loss': [0.4320952378310777, 0.2917364652941451, 0.24161228194340062, 0.2108067270481938, 0.19509320064019423, 0.1812281053827732, 0.17158710193805513, 0.16058496973551015, 0.15743865701832158, 0.14966650739884205, 0.14358736617258167, 0.1388560356415702, 0.1348884024447671, 0.12936715068314605, 0.12152504162678882, 0.12182008708910165, 0.11555217857235786, 0.11186637377495327, 0.10856881997563374, 0.10548983707135698, 0.10088379949786992, 0.09626375900601793, 0.09426861315546539, 0.09205939460341994, 0.08832324312856782], 'val_acc': [0.2674540989689068, 0.13869722839586462, 0.1945971231450168, 0.3790199977133709, 0.7952286282724392, 0.7960472459779707, 0.1951818500760145, 0.22792655829727518, 0.3037071687853026, 0.3818266869424282, 0.7089229330878803, 0.46614431063831374, 0.09133434686001637, 0.7455268390498486, 0.35235644956420503, 0.5922114372692558, 0.2991462986846163, 0.25587650567795045, 0.1998596655377194, 0.08642264062682727, 0.20898140568507056, 0.5512805519996505, 0.15799321716758274, 0.13378552216115075, 0.21693369196737675], 'val_loss': [1.50275501108019, 2.4997705895222357, 2.468195196369659, 1.78290656115936, 0.5831305665651157, 0.6303695210754181, 3.3684081341171668, 3.3864094215922154, 2.7003851412555764, 2.183181372375854, 0.9538011322550126, 1.8895040250301305, 6.966015380664871, 0.905004229566923, 2.9089212904979074, 1.5200284724172242, 3.1584310957652453, 4.064632799036809, 5.2881699979075245, 9.943509199231455, 4.873115303892516, 2.017920321553036, 7.363927637090629, 9.210605345306558, 5.5464706401102255]}
===========================================
===========================================
lv1out_network1_01039VITE
{'acc': [0.7163275496192735, 0.7981525402422657, 0.8220259643214098, 0.8316065410358779, 0.8411871177057041, 0.844526276407193, 0.8487080264636125, 0.8543877169115983, 0.8571339408685587, 0.8588815378779672, 0.8631569092423412, 0.8662776182823124, 0.8691174634802641, 0.8716764448957189, 0.8753588815378854, 0.8754212957332679, 0.8789476969316202, 0.8799775309173404, 0.8804144301808531, 0.8873111971411838, 0.8888091374509062, 0.8888403445411571, 0.8909000124679554, 0.8914929472273647, 0.8936462364397965], 'loss': [0.5544814274650643, 0.4454280615723426, 0.41133103581526026, 0.3909566602952738, 0.37776259326291967, 0.3695697732862202, 0.3606654374716419, 0.3520956072798681, 0.3444555304314876, 0.34084174563384445, 0.33363114455683435, 0.32679849162543406, 0.32185212187278345, 0.3163223649947001, 0.3114149953829128, 0.30668193210512046, 0.30106368807129696, 0.29801787928373624, 0.2973205081540954, 0.2875216037105672, 0.2853979766257261, 0.28233596203948, 0.27844381905676435, 0.27607599981691844, 0.2727003214236071], 'val_acc': [0.7167998003293083, 0.8017973040736918, 0.7772091862504267, 0.7845731403193233, 0.8282576136093882, 0.8369945082376435, 0.8657014478282576, 0.8285072391412881, 0.8421118322516226, 0.8262606090863704, 0.8713180229655517, 0.827508736894658, 0.8617074388417374, 0.8333749375936096, 0.8488517224163754, 0.863954068896655, 0.8924113829256116, 0.8141537693757387, 0.8840489266100848, 0.8568397403894159, 0.8991512730903645, 0.8976535197204194, 0.8922865701447829, 0.895282076884673, 0.8540938592111832], 'val_loss': [0.5604639798179604, 0.421971097075219, 0.45438964695437695, 0.44602606752427054, 0.37616845917029196, 0.3651126832870978, 0.3210406862478285, 0.3901026115617452, 0.35773920132794856, 0.38647714033313707, 0.31015153808767537, 0.3923171266757186, 0.3258582237908915, 0.38016935699413373, 0.3483226486536127, 0.3218630161201484, 0.2752518787035273, 0.41967353500012927, 0.2929812099624665, 0.338923976182402, 0.25662350519018595, 0.26027668292224554, 0.2691654636367925, 0.26354321008487697, 0.3534669124047517]}
===========================================
===========================================
lv1out_network2_01039VITE
{'acc': [0.6663337910001219, 0.7094931968394446, 0.7327736861889408, 0.7436649606493049, 0.7553052053649749, 0.7624516290398725, 0.7748720509522924, 0.7809574335512188, 0.7869491948421908, 0.7937835476369004, 0.8025215328625117, 0.8087317438596435, 0.8125702159233031, 0.8173761078145022, 0.8214018225163917, 0.8247721882262877, 0.8308887779526668, 0.8327924104505317, 0.836818125040816, 0.8408750468255161, 0.8458369741828503, 0.8434964423991518, 0.8507989014732215, 0.8519535638125049, 0.8562601422968912], 'loss': [0.544313776249029, 0.5116251875154535, 0.49212967887411047, 0.47813419847955063, 0.46493603452629045, 0.45383419119720975, 0.44295508394138955, 0.43361386554456355, 0.42401423946166217, 0.41367888983723644, 0.40246924916436916, 0.3926063953282577, 0.38731431376992087, 0.3776399751286012, 0.36978700956800076, 0.3631877651443465, 0.3562575803648561, 0.35082694460666813, 0.3444266372733818, 0.3387042534937649, 0.33058579932912696, 0.33018561564511445, 0.32261963474915695, 0.31810616586422924, 0.3127368678613305], 'val_acc': [0.2668497254118822, 0.2231652521218173, 0.27271592611083373, 0.33786819770344484, 0.2497503744383425, 0.18310034947578632, 0.11957064403394907, 0.3252621068397404, 0.17873190214677984, 0.21293060409385922, 0.2245381927109336, 0.2363954068896655, 0.33487269096355465, 0.3114078881677484, 0.13866699950074887, 0.2697204193709436, 0.3061657513729406, 0.1426610084872691, 0.34560659011482775, 0.27820768846729904, 0.33574638042935595, 0.33861707438841737, 0.24326010983524712, 0.29143784323514726, 0.2624812780828757], 'val_loss': [2.842348039239511, 3.0974337598769237, 2.883652064065843, 2.8794806314240797, 3.254266034467662, 2.9876317758888704, 3.204444881206861, 3.4055793976938493, 3.4605694205178894, 3.369650028493484, 4.082837457842548, 4.231961212453399, 4.062698833953126, 4.473598744353829, 4.290359438745249, 4.524174073667331, 5.289438550018752, 3.7801889697135356, 4.600849408836765, 4.289555419163888, 3.5873282206873864, 4.971926074354159, 5.069141023705378, 4.872272843071895, 3.4304834950047614]}
===========================================
===========================================
lv1out_network1_07003SATH
{'acc': [0.7671225322927124, 0.8299327230287832, 0.8446840189370218, 0.8535347964819651, 0.8596834675327241, 0.8641777876076341, 0.86740377192015, 0.872807985013699, 0.8742969008689548, 0.877964045432932, 0.8808040145451407, 0.8849398919486073, 0.887200838197904, 0.8908128377435961, 0.8930462115100454, 0.8936528068623785, 0.8970166538126403, 0.8973199514592247, 0.9010973861583791, 0.9010973861386576, 0.9021175692135882, 0.9057847137972869, 0.9061707289975941, 0.9075769273517176, 0.9087901180432363], 'loss': [0.49955295626325935, 0.40069785068931, 0.37037459238369386, 0.3527710256502123, 0.34128655096694943, 0.3336566928463917, 0.3266836605630006, 0.3170345216230243, 0.3104295198770399, 0.30172180474705085, 0.2970755181601019, 0.2913891202206778, 0.28645058364264425, 0.27997394456672237, 0.27411902303849245, 0.27084802970696115, 0.2641560716653746, 0.26290399061945896, 0.2564920352968476, 0.25590792162239295, 0.25200731316224945, 0.2462114694659655, 0.24372738743250408, 0.24161738375522498, 0.23847920514887244], 'val_acc': [0.7680855756506396, 0.7713939126861953, 0.7866122629288066, 0.8136303485833342, 0.8322673136303484, 0.8181517424959941, 0.8073445080816877, 0.8064622848792175, 0.8235553596111242, 0.8436259373621526, 0.855866784296427, 0.8681076312307013, 0.8309439789318124, 0.8264225850191524, 0.8804587560652846, 0.8754962505513895, 0.8107631230964291, 0.8818923687692987, 0.8777018086627343, 0.881230701367446, 0.8517865020901714, 0.8699823556411198, 0.8883987648875166, 0.8855315394794883, 0.8674459639340178], 'val_loss': [0.5065646778198923, 0.46705290505577934, 0.4411169591852364, 0.40485302114676, 0.3824585981578305, 0.3965483135295219, 0.4156151779840631, 0.41948267224605884, 0.39063583535274116, 0.35576657905523923, 0.33578744039340436, 0.3142834188105201, 0.38888398085625936, 0.39612627025146446, 0.29517402250137315, 0.301189843182344, 0.42355585961968667, 0.2920298431911656, 0.30276514993044684, 0.29762095631641283, 0.3584184741916034, 0.31643099244807227, 0.2815436973500657, 0.2839971428920269, 0.3186940108699109]}