
===========================================
===========================================
lv1out_network1_07043SEME
{'acc': [0.8497634069400631, 0.8771687697160884, 0.896096214511041, 0.8978706624605678, 0.9027996845425867, 0.902602523659306, 0.9108832807570978, 0.9114747634069401, 0.9158123028391167, 0.9120662460567823], 'loss': [0.3771049713992076, 0.3302359758679423, 0.29271268941556056, 0.28540420510192116, 0.27748218954508475, 0.2648574259478822, 0.2657488738524519, 0.25744561321904136, 0.24749361868721523, 0.26198257010559367], 'val_acc': [0.8911671924290221, 0.9029968454258676, 0.8454258675078864, 0.8777602523659306, 0.8517350157728707, 0.9345425867507886, 0.8738170347003155, 0.9022082018927445, 0.7523659305993691, 0.919558359621451], 'val_loss': [0.3261833036735607, 0.2671557477196496, 0.4040561787055494, 0.3270574409150363, 0.4123809434802562, 0.16696395315171134, 0.3403970158368067, 0.2789253602979546, 0.6701190239905559, 0.21115032291592153]}
===========================================
===========================================
lv1out_network2_07043SEME
{'acc': [0.7890378548895899, 0.8779574132492114, 0.8994479495268138, 0.9112776025236593, 0.9199526813880127, 0.9264589905362776, 0.9225157728706624, 0.9378943217665615, 0.9339511041009464, 0.9369085173501577], 'loss': [0.46954609606450287, 0.29923844832210134, 0.2523937400706606, 0.22597912501702408, 0.2093707271102428, 0.1890543802613422, 0.1907722348514768, 0.16628976576713322, 0.16505918778260223, 0.16146220038725762], 'val_acc': [0.5047318611987381, 0.998422712933754, 0.9739747634069401, 0.8548895899053628, 0.9976340694006309, 0.723186119873817, 0.7547318611987381, 0.7910094637223974, 0.7350157728706624, 0.43375394321766564], 'val_loss': [0.9263363363991024, 0.045266257128927984, 0.10351883637651284, 0.2899975954828202, 0.031427196388600004, 0.5937038934569253, 0.5074508851775987, 0.43509496767250144, 0.5651390179874205, 1.8042040817933127]}
===========================================
===========================================
lv1out_network1_07001MOEL
{'acc': [0.8354261796042618, 0.8603500761035008, 0.8692922374429224, 0.880517503805175, 0.8858447488584474, 0.8850837138508372, 0.895738203957382, 0.8881278538812786, 0.893455098934551, 0.8968797564687976], 'loss': [0.4104322520293057, 0.36876215003827756, 0.33970671538915626, 0.3268681404377863, 0.3204946092484431, 0.3107788474547083, 0.29454630050564373, 0.30388135910941405, 0.28379694401049815, 0.28223382675938047], 'val_acc': [0.8926940639269406, 0.834855403348554, 0.9041095890410958, 0.9193302891933028, 0.9147640791476408, 0.4010654490106545, 0.6316590563165906, 0.9277016742770168, 0.7404870624048706, 0.8470319634703196], 'val_loss': [0.32303954101248417, 0.4297405405585261, 0.26656775303536534, 0.2269617107780466, 0.22582774988093515, 1.4985527865237116, 0.9699853567726899, 0.17317473918732534, 0.6648349304268167, 0.4195569510000391]}
===========================================
===========================================
lv1out_network2_07001MOEL
{'acc': [0.720509893455099, 0.7374429223744292, 0.7526636225266362, 0.756468797564688, 0.7650304414003044, 0.7718797564687976, 0.7863394216133942, 0.7893835616438356, 0.7857686453576864, 0.7935692541856926], 'loss': [0.5657399691629991, 0.5306221524783646, 0.5137439992057679, 0.5012879732037969, 0.4805853240067193, 0.4739744530556953, 0.45487007355853304, 0.44900036168878665, 0.4402053004167577, 0.43556354783441376], 'val_acc': [0.589041095890411, 0.6666666666666666, 0.5692541856925418, 0.9984779299847792, 0.5730593607305936, 0.4611872146118721, 0.09360730593607305, 0.076103500761035, 0.02815829528158295, 0.10273972602739725], 'val_loss': [0.8458030819892883, 0.7470584966276335, 0.7626715663542668, 0.08085869767531594, 0.8545735228007243, 0.9615150315395048, 1.5485139883816514, 1.993914597473551, 2.5718957666574185, 1.9654624418580913]}
===========================================
===========================================
lv1out_network1_01016SACH
{'acc': [0.7218543042410288, 0.7549668870224858, 0.7682119201350686, 0.7682119201350686, 0.8046357611946712, 0.8046357619841367, 0.8079470198675497, 0.8278145695364238, 0.7748344370860927, 0.8278145695364238], 'loss': [0.6350944259308822, 0.5477429699424087, 0.49805406939904423, 0.44751904342348214, 0.41543875664275215, 0.4276701261270915, 0.4166427082968074, 0.39384828922369625, 0.40736722837615486, 0.3792386499067016], 'val_acc': [0.5, 0.5, 0.5, 0.5, 0.5131578947368421, 0.5394736842105263, 0.5394736842105263, 0.5394736842105263, 0.5921052631578947, 0.6447368421052632], 'val_loss': [1.1077051696024443, 2.6406129043255198, 2.8815955199105177, 2.8876209195556215, 2.7138601527304242, 1.6543376767321636, 1.9608732322721105, 1.899056282874785, 1.0521091265898002, 0.8873114879978331]}
===========================================
===========================================
lv1out_network2_01016SACH
{'acc': [0.6854304631814262, 0.7649006618569228, 0.7913907284768212, 0.827814569141691, 0.8377483439761282, 0.827814569141691, 0.8211920531774988, 0.8576158940397351, 0.8675496688741722, 0.8609271523178808], 'loss': [0.6630288982233464, 0.5977487248300717, 0.5404933616025558, 0.4586507295141157, 0.4212212148091651, 0.3748633443125036, 0.4086715127063903, 0.3419780939422696, 0.3185047431300018, 0.34835885968429364], 'val_acc': [0.4605263157894737, 0.40789473684210525, 0.4605263157894737, 0.3157894736842105, 0.3684210526315789, 0.3684210526315789, 0.4868421052631579, 0.5263157894736842, 0.618421052631579, 0.618421052631579], 'val_loss': [0.7220422656912553, 0.8486510640696475, 0.9737201427158556, 1.464692517330772, 1.489992009965997, 1.63889143341466, 1.294156595280296, 1.4014360089051097, 0.9728064254710549, 0.9965023931704069]}