first write
===========================================
===========================================
lv1out_network1_07043SEME
{'acc': [0.776266096387042, 0.8330982390572681, 0.8502980388533826, 0.8586249260536375, 0.8601719980168918, 0.8640851799554439, 0.869044910601903, 0.8703644719316728, 0.8745506666249822, 0.8765072576064628, 0.8765982618381596, 0.8817855030014815, 0.882058515720981, 0.8856986850024127, 0.8869272421357434, 0.8872002547820153, 0.8898848796414793, 0.8904764071285234, 0.8928425171960337, 0.8962551758846627, 0.8955726441469369, 0.8969832097382369, 0.8968012012748433, 0.8990763070428535, 0.900987395932895], 'loss': [0.493004798688462, 0.4031216857777978, 0.36885192883309215, 0.355824318260623, 0.34616860564064655, 0.33738668526510485, 0.32728205584967685, 0.32190028204412147, 0.31598514751594536, 0.31101248712846036, 0.3081303042842199, 0.303604722372876, 0.2999708753479386, 0.2956482417406526, 0.28938412548410625, 0.28779756231049136, 0.28390323139044676, 0.2813323105923954, 0.2765558212317495, 0.2741361653179089, 0.26977677837488145, 0.26777103706077604, 0.26492414485146004, 0.26177108001545174, 0.2582951751615383], 'val_acc': [0.816196542159333, 0.8687898088846563, 0.8524112831255433, 0.8515013651157965, 0.8935395813834353, 0.8989990900276573, 0.8436760691971644, 0.8385805278501259, 0.8975432211317942, 0.8908098269637006, 0.8371246585746154, 0.8134667881300929, 0.9055505002271707, 0.8720655141254248, 0.8371246587481685, 0.8711555960397486, 0.8742493177783609, 0.7563239310848594, 0.8211101003079332, 0.8929936307684957, 0.8853503183194786, 0.8544131027665108, 0.8898999090298834, 0.9010009096903189, 0.6871701544257486], 'val_loss': [0.3561058560781201, 0.3435707760247672, 0.3646417913922838, 0.3664547023608318, 0.25960267488798083, 0.25507540736988094, 0.3765346017721244, 0.33906686595345326, 0.24363664432587245, 0.2596042798067679, 0.40821006614799604, 0.44927779208323, 0.245086165256561, 0.3125323972558845, 0.407358468056159, 0.31961910833110585, 0.3334982241794562, 0.5896857583815668, 0.4226691068357723, 0.2608105502473538, 0.27180329778717255, 0.3713839977681366, 0.25324623308689403, 0.2507625040083825, 0.7955451082489076]}
===========================================
===========================================
lv1out_network2_07043SEME
{'acc': [0.7749465350328631, 0.9006688810731378, 0.9221003776865465, 0.9357510124410626, 0.9413932748062626, 0.9477635709816425, 0.9523592847257238, 0.9530418164444646, 0.9567729899440324, 0.9596396232370565, 0.9600946443955404, 0.9634162988768818, 0.9656914046503162, 0.9643718432663038, 0.9670564681257678, 0.9696955908639593, 0.9714701733386522, 0.9721072029849388, 0.9729262410458005, 0.9739727897347227, 0.9747918277955844, 0.9771579378197005, 0.9752923510943259, 0.9776584610940328, 0.977885971697684], 'loss': [0.46667817378329446, 0.2564619243858281, 0.20270878835477207, 0.1733863247827061, 0.15723472862110865, 0.1454306349870901, 0.13386359293929667, 0.12654545492825572, 0.12062042464407698, 0.11402850189411635, 0.10685446332115794, 0.10192834993030808, 0.0985008735288864, 0.09423361261608619, 0.0909590618147122, 0.08654595875567017, 0.08194683711459998, 0.07855061112525097, 0.07631379475525275, 0.074553791522141, 0.07218972143144638, 0.06671376158013576, 0.06758333593968002, 0.06457751185487083, 0.06286025539419586], 'val_acc': [0.9938125568698817, 0.9945404913557779, 0.9939945404913558, 0.9164695176674736, 0.9938125568698817, 0.9659690629579025, 0.9996360327570518, 0.9679708827941172, 0.9892629665065832, 0.9867151956323931, 0.9654231120934803, 0.9550500454199758, 0.9974522292993631, 0.9899909008189263, 0.9910828025477707, 0.9221110102802759, 0.9903548680618744, 0.9876251137397635, 0.997270245677889, 0.9690627845229617, 0.9770700638678206, 0.8393084621841632, 0.9996360327570518, 0.938671519834416, 0.9828935397549908], 'val_loss': [0.03389062872419203, 0.027979323826560765, 0.026347687483186392, 0.20684913146539208, 0.030961576490929933, 0.0986871343495848, 0.006509115800788597, 0.09211492336561075, 0.0470602222064932, 0.05189683226304124, 0.09878496442793498, 0.12437649580215301, 0.013938796800562097, 0.03575205046368307, 0.035184473255555994, 0.2023845933154022, 0.029860112780503406, 0.04629012039973586, 0.013590555237665487, 0.09042233618906784, 0.06705618529386473, 0.4454524041740758, 0.0014064235446283558, 0.16392986252971734, 0.054447666202435394]}
===========================================
===========================================
lv1out_network1_07001MOEL
{'acc': [0.7762774214048918, 0.8404288726445296, 0.8521824951827738, 0.8581490287479784, 0.8653716746722538, 0.8673455654935729, 0.8689157058768999, 0.8743439055987607, 0.8759140460516102, 0.8803553003507788, 0.88080391189804, 0.8835404423363334, 0.8851105827330302, 0.8878471131713237, 0.8880714189823894, 0.8909425328607958, 0.894262258310529, 0.8954286483574735, 0.8961464268330914, 0.89838948455068, 0.9006325422869862, 0.9021578215610441, 0.9016194877043305, 0.905298102378503, 0.9059710197181123], 'loss': [0.4934749689265176, 0.3890500781388073, 0.36246274804412254, 0.34497309368143686, 0.3376226511284917, 0.32911035247044473, 0.324542760608345, 0.3150893449469138, 0.312863462253169, 0.3054724134684283, 0.3027275911619705, 0.29859458065884337, 0.2946925115031288, 0.288537250150288, 0.2845465350769275, 0.2818056095554789, 0.27465490178747753, 0.2735945491930672, 0.2713154797293896, 0.26623061337293885, 0.2616825308021522, 0.25938306735564215, 0.25774923921083304, 0.2504086983855793, 0.24954498034777955], 'val_acc': [0.804234703032478, 0.8474789162084698, 0.8320473712542616, 0.8194868114335563, 0.9032836892265574, 0.893235241363576, 0.8455051139636119, 0.8691907410944212, 0.8595011663590901, 0.871164543355322, 0.8661403194184837, 0.799389915686203, 0.882648483782381, 0.9018481966838703, 0.8810335546384354, 0.8297146958764058, 0.7785752736621585, 0.8837251031867225, 0.8944912973477857, 0.8846222860432817, 0.8869549614425282, 0.8603983492049542, 0.6865243136765135, 0.8772653867071971, 0.8415575094418104], 'val_loss': [0.34756765613409596, 0.3818068533210679, 0.3367435964485826, 0.43448989606943206, 0.24920885454981626, 0.27715233409509565, 0.3795383264555145, 0.33075877545488686, 0.3521562938991364, 0.3244430159251865, 0.33781782560025087, 0.4936240032333971, 0.3002944350157053, 0.26123085393418793, 0.2743420239658944, 0.42810240109305225, 0.5478347939690289, 0.3011071189246014, 0.28161537767034145, 0.2972994924350977, 0.2982045378159647, 0.3669376199493155, 0.78323284645558, 0.34376034843799735, 0.40709978296066684]}